Date,Q,S_hefs_EFO,R_hefs_EFO,obj_syn_EFO,S_syn_EFO_0,R_syn_EFO_0,obj_syn_EFO_0,S_syn_EFO_1,R_syn_EFO_1,obj_syn_EFO_1,S_syn_EFO_2,R_syn_EFO_2,obj_syn_EFO_2,S_syn_EFO_3,R_syn_EFO_3,obj_syn_EFO_3,S_syn_EFO_4,R_syn_EFO_4,obj_syn_EFO_4,S_syn_EFO_5,R_syn_EFO_5,obj_syn_EFO_5,S_syn_EFO_6,R_syn_EFO_6,obj_syn_EFO_6,S_syn_EFO_7,R_syn_EFO_7,obj_syn_EFO_7,S_syn_EFO_8,R_syn_EFO_8,obj_syn_EFO_8,S_syn_EFO_9,R_syn_EFO_9,obj_syn_EFO_9,S_syn_EFO_10,R_syn_EFO_10,obj_syn_EFO_10,S_syn_EFO_11,R_syn_EFO_11,obj_syn_EFO_11,S_syn_EFO_12,R_syn_EFO_12,obj_syn_EFO_12,S_syn_EFO_13,R_syn_EFO_13,obj_syn_EFO_13,S_syn_EFO_14,R_syn_EFO_14,obj_syn_EFO_14,S_syn_EFO_15,R_syn_EFO_15,obj_syn_EFO_15,S_syn_EFO_16,R_syn_EFO_16,obj_syn_EFO_16,S_syn_EFO_17,R_syn_EFO_17,obj_syn_EFO_17,S_syn_EFO_18,R_syn_EFO_18,obj_syn_EFO_18,S_syn_EFO_19,R_syn_EFO_19,obj_syn_EFO_19,S_syn_EFO_20,R_syn_EFO_20,obj_syn_EFO_20,S_syn_EFO_21,R_syn_EFO_21,obj_syn_EFO_21,S_syn_EFO_22,R_syn_EFO_22,obj_syn_EFO_22,S_syn_EFO_23,R_syn_EFO_23,obj_syn_EFO_23,S_syn_EFO_24,R_syn_EFO_24,obj_syn_EFO_24,S_syn_EFO_25,R_syn_EFO_25,obj_syn_EFO_25,S_syn_EFO_26,R_syn_EFO_26,obj_syn_EFO_26,S_syn_EFO_27,R_syn_EFO_27,obj_syn_EFO_27,S_syn_EFO_28,R_syn_EFO_28,obj_syn_EFO_28,S_syn_EFO_29,R_syn_EFO_29,obj_syn_EFO_29,S_syn_EFO_30,R_syn_EFO_30,obj_syn_EFO_30,S_syn_EFO_31,R_syn_EFO_31,obj_syn_EFO_31,S_syn_EFO_32,R_syn_EFO_32,obj_syn_EFO_32,S_syn_EFO_33,R_syn_EFO_33,obj_syn_EFO_33,S_syn_EFO_34,R_syn_EFO_34,obj_syn_EFO_34,S_syn_EFO_35,R_syn_EFO_35,obj_syn_EFO_35,S_syn_EFO_36,R_syn_EFO_36,obj_syn_EFO_36,S_syn_EFO_37,R_syn_EFO_37,obj_syn_EFO_37,S_syn_EFO_38,R_syn_EFO_38,obj_syn_EFO_38,S_syn_EFO_39,R_syn_EFO_39,obj_syn_EFO_39,S_syn_EFO_40,R_syn_EFO_40,obj_syn_EFO_40,S_syn_EFO_41,R_syn_EFO_41,obj_syn_EFO_41,S_syn_EFO_42,R_syn_EFO_42,obj_syn_EFO_42,S_syn_EFO_43,R_syn_EFO_43,obj_syn_EFO_43,S_syn_EFO_44,R_syn_EFO_44,obj_syn_EFO_44,S_syn_EFO_45,R_syn_EFO_45,obj_syn_EFO_45,S_syn_EFO_46,R_syn_EFO_46,obj_syn_EFO_46,S_syn_EFO_47,R_syn_EFO_47,obj_syn_EFO_47,S_syn_EFO_48,R_syn_EFO_48,obj_syn_EFO_48,S_syn_EFO_49,R_syn_EFO_49,obj_syn_EFO_49,S_syn_EFO_50,R_syn_EFO_50,obj_syn_EFO_50,S_syn_EFO_51,R_syn_EFO_51,obj_syn_EFO_51,S_syn_EFO_52,R_syn_EFO_52,obj_syn_EFO_52,S_syn_EFO_53,R_syn_EFO_53,obj_syn_EFO_53,S_syn_EFO_54,R_syn_EFO_54,obj_syn_EFO_54,S_syn_EFO_55,R_syn_EFO_55,obj_syn_EFO_55,S_syn_EFO_56,R_syn_EFO_56,obj_syn_EFO_56,S_syn_EFO_57,R_syn_EFO_57,obj_syn_EFO_57,S_syn_EFO_58,R_syn_EFO_58,obj_syn_EFO_58,S_syn_EFO_59,R_syn_EFO_59,obj_syn_EFO_59,S_syn_EFO_60,R_syn_EFO_60,obj_syn_EFO_60,S_syn_EFO_61,R_syn_EFO_61,obj_syn_EFO_61,S_syn_EFO_62,R_syn_EFO_62,obj_syn_EFO_62,S_syn_EFO_63,R_syn_EFO_63,obj_syn_EFO_63,S_syn_EFO_64,R_syn_EFO_64,obj_syn_EFO_64,S_syn_EFO_65,R_syn_EFO_65,obj_syn_EFO_65,S_syn_EFO_66,R_syn_EFO_66,obj_syn_EFO_66,S_syn_EFO_67,R_syn_EFO_67,obj_syn_EFO_67,S_syn_EFO_68,R_syn_EFO_68,obj_syn_EFO_68,S_syn_EFO_69,R_syn_EFO_69,obj_syn_EFO_69,S_syn_EFO_70,R_syn_EFO_70,obj_syn_EFO_70,S_syn_EFO_71,R_syn_EFO_71,obj_syn_EFO_71,S_syn_EFO_72,R_syn_EFO_72,obj_syn_EFO_72,S_syn_EFO_73,R_syn_EFO_73,obj_syn_EFO_73,S_syn_EFO_74,R_syn_EFO_74,obj_syn_EFO_74,S_syn_EFO_75,R_syn_EFO_75,obj_syn_EFO_75,S_syn_EFO_76,R_syn_EFO_76,obj_syn_EFO_76,S_syn_EFO_77,R_syn_EFO_77,obj_syn_EFO_77,S_syn_EFO_78,R_syn_EFO_78,obj_syn_EFO_78,S_syn_EFO_79,R_syn_EFO_79,obj_syn_EFO_79,S_syn_EFO_80,R_syn_EFO_80,obj_syn_EFO_80,S_syn_EFO_81,R_syn_EFO_81,obj_syn_EFO_81,S_syn_EFO_82,R_syn_EFO_82,obj_syn_EFO_82,S_syn_EFO_83,R_syn_EFO_83,obj_syn_EFO_83,S_syn_EFO_84,R_syn_EFO_84,obj_syn_EFO_84,S_syn_EFO_85,R_syn_EFO_85,obj_syn_EFO_85,S_syn_EFO_86,R_syn_EFO_86,obj_syn_EFO_86,S_syn_EFO_87,R_syn_EFO_87,obj_syn_EFO_87,S_syn_EFO_88,R_syn_EFO_88,obj_syn_EFO_88,S_syn_EFO_89,R_syn_EFO_89,obj_syn_EFO_89,S_syn_EFO_90,R_syn_EFO_90,obj_syn_EFO_90,S_syn_EFO_91,R_syn_EFO_91,obj_syn_EFO_91,S_syn_EFO_92,R_syn_EFO_92,obj_syn_EFO_92,S_syn_EFO_93,R_syn_EFO_93,obj_syn_EFO_93,S_syn_EFO_94,R_syn_EFO_94,obj_syn_EFO_94,S_syn_EFO_95,R_syn_EFO_95,obj_syn_EFO_95,S_syn_EFO_96,R_syn_EFO_96,obj_syn_EFO_96,S_syn_EFO_97,R_syn_EFO_97,obj_syn_EFO_97,S_syn_EFO_98,R_syn_EFO_98,obj_syn_EFO_98,S_syn_EFO_99,R_syn_EFO_99,obj_syn_EFO_99
1996-12-15,36.64873524894469,0.0,72.77357482910156,0.46,0.0,110.94056701660156,2.44,0.0,73.35239664713542,0.46,0.0,66.93995361328125,1.45,0.0,110.94056701660156,1.45,0.0,69.35371907552083,0.46,0.0,60.24514389038086,2.44,0.0,60.24514389038086,0.46,0.0,61.03605270385742,1.45,0.0,59.71189498901367,4.42,0.0,69.35371907552083,3.43,0.0,60.24514389038086,4.42,0.0,60.24514389038086,1.45,0.0,59.43954086303711,3.43,0.0,60.24514389038086,2.44,0.0,69.35371907552083,1.45,0.0,59.71189498901367,4.42,0.0,60.24514389038086,2.44,0.0,65.3643798828125,2.44,0.0,66.11996459960938,1.45,0.0,81.05379486083984,2.44,0.0,66.93995361328125,0.46,0.0,73.35239664713542,2.44,0.0,74.0464096069336,2.44,0.0,61.03605270385742,1.45,0.0,60.24514389038086,3.43,0.0,67.48123931884766,0.46,0.0,82.20336151123047,0.46,0.0,110.94056701660156,2.44,0.0,60.24514389038086,2.44,0.0,61.03605270385742,0.46,0.0,61.03605270385742,0.46,0.0,60.24514389038086,1.45,0.0,60.24514389038086,1.45,0.0,67.11669921875,4.42,0.0,73.35239664713542,4.42,0.0,66.93995361328125,1.45,0.0,69.35371907552083,2.44,0.0,61.03605270385742,0.46,0.0,82.20336151123047,0.46,0.0,75.33125305175781,2.44,0.0,61.85601806640625,0.46,0.0,67.48123931884766,4.42,0.0,60.24514389038086,3.43,0.0,67.48123931884766,0.46,0.0,69.35371907552083,4.42,0.0,59.71189498901367,0.46,0.0,73.35239664713542,4.42,0.0,60.24514389038086,1.45,0.0,59.71189498901367,2.44,0.0,81.05379486083984,0.46,0.0,60.24514389038086,3.43,0.0,63.218119303385414,1.45,0.0,66.310546875,0.46,0.0,65.3643798828125,2.44,0.0,66.11996459960938,0.46,0.0,69.35371907552083,1.45,0.0,60.24514389038086,0.46,0.0,110.94056701660156,1.45,0.0,67.11669921875,4.42,0.0,60.24514389038086,0.46,0.0,73.35239664713542,0.46,0.0,69.35371907552083,1.45,0.0,60.24514389038086,2.44,0.0,82.20336151123047,1.45,0.0,59.71189498901367,2.44,0.0,66.11996459960938,2.44,0.0,60.6431884765625,2.44,0.0,67.48123931884766,4.42,0.0,61.03605270385742,1.45,0.0,59.71189498901367,0.46,0.0,60.24514389038086,0.46,0.0,67.11669921875,1.45,0.0,60.24514389038086,1.45,0.0,60.24514389038086,1.45,0.0,60.24514389038086,3.43,0.0,59.71189498901367,3.43,0.0,67.48123931884766,3.43,0.0,73.35239664713542,3.43,0.0,60.24514389038086,2.44,0.0,59.71189498901367,0.46,0.0,75.33125305175781,3.43,0.0,60.24514389038086,2.44,0.0,73.35239664713542,3.43,0.0,74.0464096069336,3.43,0.0,75.33125305175781,3.43,0.0,84.40765380859375,2.44,0.0,59.71189498901367,1.45,0.0,69.35371907552083,1.45,0.0,62.899505615234375,4.42,0.0,67.48123931884766,0.46,0.0,66.11996459960938,1.45,0.0,59.94526672363281,0.46,0.0,59.71189498901367,3.43,0.0,61.85601806640625,4.42,0.0,60.56946309407552,2.44,0.0,75.33125305175781,2.44,0.0,59.43954086303711,2.44,0.0,63.218119303385414,2.44,0.0,73.35239664713542,4.42,0.0,60.24514389038086,1.45
1996-12-16,29.497520012557658,-27.46154883119214,24.83724625616962,0.46,-65.62854101869215,40.04417578090921,2.44,-28.040370649226,44.861338753818636,0.46,-21.627927615371824,29.996039726764238,1.45,-65.62854101869215,23.95783376434172,1.45,-24.041693077611406,29.749097362036235,0.46,-14.933117892471437,31.50305524596655,2.44,-14.933117892471437,49.450450417784104,0.46,-15.724026705947999,29.88853490028189,1.45,-14.399868991104249,46.17716252479361,4.42,-24.041693077611406,28.848826603823966,3.43,-14.933117892471437,34.3182965650264,4.42,-14.933117892471437,47.18630444679068,1.45,-14.127514865127687,29.13306775817358,3.43,-14.933117892471437,29.98739850196646,2.44,-24.041693077611406,29.044394688540763,1.45,-14.399868991104249,46.17716252479361,4.42,-14.933117892471437,31.50305524596655,2.44,-20.052353884903077,44.186822768781646,2.44,-20.807938601699952,41.91504847678946,1.45,-35.74176886293042,30.821986075971587,2.44,-21.627927615371824,30.017293524507295,0.46,-28.040370649226,44.71007420416425,2.44,-28.73438360902417,27.652605340269456,2.44,-15.724026705947999,45.274867684931394,1.45,-14.933117892471437,29.98739850196646,3.43,-22.169213320938233,32.71010748256936,0.46,-36.891335513321046,25.407720668875786,0.46,-65.62854101869215,36.59535421273148,2.44,-14.933117892471437,42.08913707444762,2.44,-15.724026705947999,39.77301751450641,0.46,-15.724026705947999,30.673282514443276,0.46,-14.933117892471437,30.182966586683257,1.45,-14.933117892471437,30.03077351722525,1.45,-21.804673220840577,38.03943431052969,4.42,-28.040370649226,44.71007420416425,4.42,-21.627927615371824,51.6920667277929,1.45,-24.041693077611406,29.727843564293178,2.44,-15.724026705947999,37.683025714490874,0.46,-36.891335513321046,23.806400135800658,0.46,-30.01922705384839,29.126974389341722,2.44,-16.543992068496827,30.58217525193785,0.46,-22.169213320938233,37.65387375861103,4.42,-14.933117892471437,29.78302096455379,3.43,-22.169213320938233,41.28512647128464,0.46,-24.041693077611406,30.667144017154044,4.42,-14.399868991104249,30.097429629896148,0.46,-28.040370649226,35.282608374446006,4.42,-14.933117892471437,50.643701140919255,1.45,-14.399868991104249,45.358237535311,2.44,-35.74176886293042,42.34411525437926,0.46,-14.933117892471437,29.98739850196646,3.43,-17.90609330547599,29.81134466005769,1.45,-20.998520877090577,35.419086861308486,0.46,-20.052353884903077,44.186822768781646,2.44,-20.807938601699952,51.6348704067211,0.46,-24.041693077611406,29.749097362036235,1.45,-14.933117892471437,47.18630444679068,0.46,-65.62854101869215,23.650470611188872,1.45,-21.804673220840577,38.03943431052969,4.42,-14.933117892471437,30.182966586683257,0.46,-28.040370649226,44.47209981752839,0.46,-24.041693077611406,28.311043009001942,1.45,-14.933117892471437,47.05160616963192,2.44,-36.891335513321046,35.204401148766635,1.45,-14.399868991104249,30.820411149425915,2.44,-20.807938601699952,33.60936396091786,2.44,-15.331162478653077,28.731851886998452,2.44,-22.169213320938233,37.59140860709952,4.42,-15.724026705947999,30.673282514443276,1.45,-14.399868991104249,36.361751416449394,0.46,-14.933117892471437,30.739907473753174,0.46,-21.804673220840577,38.1304562070198,1.45,-14.933117892471437,41.866023060775746,1.45,-14.933117892471437,37.781889316175445,1.45,-14.933117892471437,47.18630444679068,3.43,-14.399868991104249,31.29074895057486,3.43,-22.169213320938233,37.993866798017486,3.43,-28.040370649226,44.71007420416425,3.43,-14.933117892471437,30.182966586683257,2.44,-14.399868991104249,34.25860929229582,0.46,-30.01922705384839,28.14500987205313,3.43,-14.933117892471437,31.741097991505196,2.44,-28.040370649226,44.71007420416425,3.43,-28.73438360902417,25.165892119850138,3.43,-30.01922705384839,27.767074445013844,3.43,-39.09562781068433,38.24727606124493,2.44,-14.399868991104249,32.66483592698668,1.45,-24.041693077611406,29.749097362036235,1.45,-17.587479617324952,47.33564290740813,4.42,-22.169213320938233,32.497904107359304,0.46,-20.807938601699952,48.37606143580626,1.45,-14.63324072572339,29.882980020136472,0.46,-14.399868991104249,30.249622699354155,3.43,-16.543992068496827,32.426600029498616,4.42,-15.2574370961661,48.551770938820894,2.44,-30.01922705384839,29.08492692023212,2.44,-14.127514865127687,29.13306775817358,2.44,-17.90609330547599,29.65915159059968,2.44,-28.040370649226,38.80666402651276,4.42,-14.933117892471437,30.761161271496228,1.45
1996-12-17,25.478149886929582,-15.828439845802542,32.27405603983381,0.46,-69.20236155804213,36.08995314653034,2.44,-36.431354161485416,12.963975310724711,0.46,-15.153612100576844,66.85750226130152,1.45,-53.11601954147465,16.559538401275383,1.45,-17.320435198088422,28.307800203286472,0.46,-9.965817896878768,26.69630292221303,2.44,-27.913213068696322,21.046315516143547,0.46,-9.14220636467067,67.71627450928813,1.45,-24.10667627433864,22.77021356080987,4.42,-16.420164439876153,34.46749141252715,3.43,-12.781059215938619,60.55447061424091,4.42,-25.649067097702897,26.778922635932837,1.45,-6.790227381742049,32.0989154451864,3.43,-8.450161152878678,37.12890241063787,2.44,-16.61573252459295,28.40847201378583,1.45,-24.10667627433864,22.77021356080987,4.42,-9.965817896878768,26.69630292221303,2.44,-27.768821412125504,65.05532950250885,2.44,-26.252631836930192,38.43358450746258,1.45,-30.09339969734279,22.507324088851753,2.44,-15.1748658983199,66.85446600448108,0.46,-36.28008961183103,37.455988626097415,2.44,-19.91663370773441,66.17707060313616,2.44,-24.528539149320174,22.664747842064486,1.45,-8.450161152878678,26.584260247217525,3.43,-18.408965561948378,25.60555357688421,0.46,-25.828700940637614,22.339707394235127,0.46,-65.75353998986441,29.084106449785054,2.44,-20.55189972535984,66.08631831490395,2.44,-19.026688978895187,24.040210384670736,0.46,-9.926953978832056,67.60416770726506,0.46,-8.645729237595475,29.943263921241325,1.45,-8.493536168137467,30.01936045597033,1.45,-23.37375228981105,32.55575529609673,4.42,-36.28008961183103,30.72484248379661,4.42,-36.849639101605504,13.448883135737887,1.45,-17.299181400345365,35.326160643979684,2.44,-16.936697178879655,24.562708334674618,0.46,-24.227380407562485,22.740037527503908,0.46,-22.675846201630893,38.087446376911394,2.44,-10.65581207887546,26.132929609675667,0.46,-23.352731837990042,26.21799954946812,4.42,-8.245783615466006,35.58974383215421,3.43,-26.983984550663656,14.435448590832072,0.46,-18.23848185320623,26.697771769007193,4.42,-8.026943379441178,39.67710489239982,0.46,-26.852623782112786,26.350096603041564,4.42,-29.106463791831473,37.19588316464556,1.45,-23.28775128485603,65.69548237783307,2.44,-41.615528875750464,46.685259839543356,0.46,-8.450161152878678,46.83622182838433,3.43,-11.247082723974462,32.4074328408838,1.45,-19.947252496839845,40.91858782497038,0.46,-27.768821412125504,65.05532950250885,2.44,-35.97245376686183,33.40170148837079,0.46,-17.320435198088422,35.32312438715924,1.45,-25.649067097702897,34.69212482201566,0.46,-52.8086563883218,30.757687509619892,1.45,-23.37375228981105,33.24970216107044,4.42,-8.645729237595475,40.30874860944358,0.46,-36.04211522519517,10.112533461848974,0.46,-15.88238084505413,24.889026760676675,1.45,-25.514368820544135,30.765926524520484,2.44,-35.62538142052846,35.394180302324116,1.45,-8.749924898970946,26.4843389985201,2.44,-17.946947321058595,39.09974779811491,2.44,-7.592659124092311,38.381224293120034,2.44,-23.29026668647853,25.165716328496824,4.42,-9.926953978832056,26.73516684025974,1.45,-14.291265165994425,37.5889976302154,0.46,-9.202670124665392,42.75574006761158,0.46,-23.464774186301156,40.20508900823793,1.45,-20.328785711687964,23.999745787349905,1.45,-16.244651967087663,38.7177194744491,1.45,-25.649067097702897,24.87086627709378,3.43,-9.22026270011989,30.45930272956761,3.43,-23.6927248773965,23.3269579542082,3.43,-36.28008961183103,33.15319834507324,3.43,-8.645729237595475,26.51907088564526,2.44,-12.188123041840853,36.05631183805175,0.46,-21.6938816843423,35.23694233471449,3.43,-10.203860642417414,26.458260176674383,2.44,-36.28008961183103,33.363247007749635,3.43,-17.42992048731509,66.53231534891034,3.43,-21.315946257303015,35.29093311000582,3.43,-40.87254863037004,34.36854477573955,2.44,-10.594349676531714,15.208754983857586,1.45,-17.320435198088422,28.307800203286472,1.45,-28.452767283173863,10.955794344295786,4.42,-18.19676218673832,25.27399138386523,0.46,-32.71364479594699,33.66269046162811,1.45,-8.045865504300643,28.616255314791154,0.46,-8.179136448899186,26.67460181521069,3.43,-12.500236856436224,36.5503201672725,4.42,-27.338852793427776,20.596702143325174,2.44,-22.633798732521292,35.102668470688926,2.44,-6.790227381742049,32.105487171764665,2.44,-11.094889654516454,32.4226521478296,2.44,-30.376679434179543,26.489295838549822,4.42,-9.223923922408446,15.987023115066595,1.45
1996-12-18,22.73034224626749,-16.601638292237425,33.77009588094063,0.46,-73.79145711117354,19.93966810450507,2.44,-17.894471878811203,34.94966874561339,0.46,-50.51025676847944,16.49675235724161,1.45,-38.174700349351106,12.669265393731093,1.45,-14.127377807975968,24.691946670442533,0.46,-5.1612632256928705,45.70120155829009,2.44,-17.458670991440943,33.59467550339497,0.46,-45.35762328055987,17.527279054825527,1.45,-15.376032241749584,22.75666942979698,4.42,-19.38679825900438,34.156663994593025,3.43,-41.834672236780605,18.53461514599935,4.42,-20.927132140236807,23.209221600429444,1.45,-7.388285233529523,34.677326473801905,3.43,-14.078205970117622,6.779211721103472,2.44,-13.523346944979853,24.84295438619156,1.45,-15.376032241749584,22.75666942979698,4.42,-5.1612632256928705,45.87272042717996,2.44,-61.32329332123543,17.58583015273974,2.44,-33.18535875099384,36.76166243296473,1.45,-21.099866192795616,10.78112482569198,2.44,-50.52847430940206,16.493108849057087,0.46,-42.23522064452952,19.494637420410328,2.44,-54.592846717471645,20.436483483780986,2.44,-15.692429397985734,37.7180588792498,1.45,-3.533563806697277,17.864845967033933,3.43,-12.51366154543366,39.004399628730184,0.46,-16.667550741473814,70.44755204251267,0.46,-63.336788846250535,14.919145517230415,2.44,-55.13736044686486,16.24635611839945,2.44,-11.566041770166997,40.21320036263138,0.46,-46.03026409269819,17.392750892397864,0.46,-7.088135565437874,26.896751203855374,1.45,-7.01203903070887,26.915775337537625,1.45,-24.428649992508852,18.533419514175332,4.42,-35.50407450222872,19.347772496879344,4.42,-18.797664643944465,22.033571242480892,1.45,-21.124484450926122,34.35603940042573,2.44,-9.998547920155346,35.94545890482156,0.46,-15.466560341667467,70.61912209962786,0.46,-29.26243498514336,35.79792239215316,2.44,-5.287884095152201,39.334068878021505,0.46,-18.069873794059237,17.394191743693938,4.42,-12.334669854221293,25.26506863734248,3.43,-9.918575548096802,25.744147235412324,0.46,-13.435396028814498,28.983468791686274,4.42,-16.20319067844207,22.549879820623858,0.46,-21.701862791755424,25.5778358678322,4.42,-34.801489363078105,19.413988231787762,1.45,-57.482376069290176,64.61686270996748,2.44,-56.79993112189489,50.91186483764023,0.46,-23.785525387864084,41.60796157623402,3.43,-12.153657971459335,71.09239386680045,1.45,-29.3649827284113,23.660370623643246,0.46,-61.32329332123543,18.27770315666137,2.44,-37.873297661833696,31.963351798867507,0.46,-21.142701991848735,36.53607993699813,1.45,-28.840334326319628,44.895220488251695,0.46,-52.065486304542766,29.216924895609747,1.45,-25.122596857482563,18.818998327062,4.42,-17.453620253640132,47.90006949319068,0.46,-14.653791093645216,34.94549852215288,0.46,-9.270550012331878,43.698031703673855,1.45,-24.779437751665693,20.40206629755721,2.44,-39.51870412945365,13.32926113929122,1.45,-3.733406304092121,72.29528696213863,2.44,-25.54583752577458,21.888476887869665,2.44,-14.473025823813419,24.60553466648317,2.44,-16.95512542157643,16.989713478797086,4.42,-5.1612632256928705,18.448293311508163,1.45,-20.3794052028109,22.080328561074417,0.46,-20.45755259887805,51.096230824096565,0.46,-32.16900560114016,20.707227133335977,1.45,-12.827673905638942,15.172142116088933,1.45,-23.461513848137834,36.965286503871845,1.45,-19.01907578139775,22.155681036340017,3.43,-8.178707836288574,29.04154002695972,3.43,-15.518825238205775,70.61165568583668,3.43,-37.93243036350535,19.012317638236432,3.43,-3.6639425298418082,18.651111340263913,2.44,-16.743577286493675,25.616780948919608,0.46,-25.429966425657867,33.740970546892626,3.43,-5.1612632256928705,72.09130740190994,2.44,-38.14247902618174,18.97030790570115,3.43,-52.46137824282651,16.3182263675733,3.43,-25.106021773909905,33.78724835428519,3.43,-43.740235812710665,11.874188898965441,2.44,5.697752933009626,39.03354596113372,1.45,-14.127377807975968,24.691946670442533,1.45,-7.907704034070722,27.478551547417766,4.42,-11.969895977204622,36.154253730410375,0.46,-34.875477664176174,32.39161179853287,1.45,-5.1612632256928705,26.933475316013308,0.46,-3.352880670710949,72.34964776690737,3.43,-17.5496994303098,70.32153080125038,4.42,-16.434697343354024,16.34764990788641,2.44,-26.23560960981129,33.62587866344214,2.44,-7.394856960107788,34.567478047127985,2.44,-12.01668420894713,61.158016417649435,2.44,-25.36511767933044,20.614007277998734,4.42,6.2899105559238855,35.82457852467388,1.45
1996-12-19,20.489653444090475,-22.26823068777717,39.998747317592304,0.46,-65.62762173027772,18.87197899155238,2.44,-24.740637139023704,25.509509300012933,0.46,-38.90350564032016,44.61961170511199,1.45,-22.740462257681315,14.861216695322591,1.45,-10.715820993017616,69.90390876857562,0.46,-22.758961298582072,41.84376492114272,2.44,-22.949843009435025,24.531868116048685,0.46,-34.78139884998451,27.656617456906204,1.45,-10.029198186145678,14.32786935362388,4.42,-25.43995876819652,58.60973831727975,3.43,-32.265783897379066,16.44373610964878,4.42,-16.032850255265366,27.83201265591022,1.45,-13.962108221930542,60.25757985919966,3.43,7.246085794179791,32.83509984752452,2.44,-10.262797845770528,69.96862636103948,1.45,-10.029198186145678,14.32786935362388,4.42,-22.93048016747194,42.46330920818281,2.44,-50.805619988574286,56.42457105778319,2.44,-41.84351769855768,37.52570987565205,1.45,-3.7774875330867115,40.42746408595044,2.44,-38.91807967305826,48.75010974552825,0.46,-33.62635457953896,35.44475589946798,2.44,-46.92582671585174,64.73105080817074,2.44,-25.30698479183465,61.12691267761737,1.45,6.705093711669676,66.9604780773383,3.43,-23.414557688762958,18.413539958662767,0.46,-59.011599298585594,10.850370328043441,0.46,-50.15243087808007,19.302117500206545,2.44,-43.28021307986343,16.42697441955272,2.44,-23.675738647397495,28.08777539064086,0.46,-35.31951149969517,29.00719620489498,0.46,-5.881383283892362,30.369879398753472,1.45,-5.824310882845609,30.38414749901516,1.45,-14.858566021283298,49.62453313363396,4.42,-26.748343513707177,30.334302568998652,4.42,-12.727732401024472,15.99066346514124,1.45,-27.377020365950965,65.47468328399155,2.44,-17.840503339576017,29.54658421759623,0.46,-57.98217895589444,11.954553100504306,0.46,-36.95685389189563,40.31009158834949,2.44,-16.51844948777282,51.23895754389329,0.46,-7.360562052352289,52.256500592273355,4.42,-9.496235006162888,19.9777774730531,3.43,-7.559219298108243,29.9504203951995,0.46,-14.315361335099887,34.478629961867746,4.42,-10.649567013665042,60.73080003180901,0.46,-19.176195174186738,63.08061837903912,4.42,-26.11197410946498,25.312231692360317,1.45,-93.99573529385677,17.20404644738397,2.44,-79.60829247413423,18.842089489212228,0.46,-37.289983478697216,45.13824964215118,3.43,-55.142548352858896,63.55723343145542,1.45,-24.92184986665366,67.87447607234189,0.46,-51.49749299249592,45.97663504755719,2.44,-41.73314597530032,48.437324600834685,0.46,-29.575278443445978,79.85735328248502,1.45,-45.63205132917044,20.432212387433953,0.46,-53.17890771475163,60.80489884441639,1.45,-15.838091699143678,49.428627998061884,4.42,-37.250186261429924,50.32249398084241,0.46,-21.495786130397214,26.591126302888426,0.46,-24.865078230604848,59.727149510835574,1.45,-17.078000563822016,22.074779220731692,2.44,-24.744461783343986,25.654109773890568,1.45,-47.92518978082987,26.737906159334877,2.44,-19.33081092824336,58.81416314444642,2.44,-10.975057004895703,29.096460968502637,2.44,-5.8413354149726295,45.72439306983087,4.42,4.493946948199852,40.74839938963432,1.45,-14.356230278484432,42.39762244626562,0.46,-43.450279937573725,49.28914503481844,0.46,-24.772729249075248,23.92501629630102,1.45,0.10368746367301007,71.44955283381712,1.45,-32.32329686660879,23.759401003074366,1.45,-13.07125333233688,28.572411886642342,3.43,-9.116744377847407,30.28314982211658,3.43,-58.026977438641566,61.7673136504808,3.43,-28.841244516340893,29.636668901454076,3.43,5.788449615295164,65.56911759292163,2.44,-14.256854750012398,43.30257175390512,0.46,-31.067433487149607,28.295659396565206,3.43,-49.14906714220193,42.73381898977744,2.44,-29.009283446482005,29.580655924740373,3.43,-40.67610112499892,65.62386874972114,3.43,-30.78976664279421,28.31549274259059,3.43,-27.510921226275222,15.310949451559654,2.44,-5.232289542723208,35.991737658230406,1.45,-10.715820993017616,69.90390876857562,1.45,-7.282752096087602,18.324992120831343,4.42,-20.02064622221411,18.75293110531765,0.46,-39.16358597730816,40.28786569684272,1.45,-3.9912350563052925,62.04646541909108,0.46,-47.599024952217434,25.682401430454952,3.43,-59.76772674615929,12.518812957708288,4.42,-4.678843765839549,66.53605239099417,2.44,-31.757984787852543,33.449820130993814,2.44,-13.858831521834887,66.67488541901487,2.44,-45.07119714119568,55.852305135353255,2.44,-17.875621471928287,68.88108012873123,4.42,-1.4311644833491073,24.305950935226836,1.45
1996-12-20,18.618811280794677,-36.93383340323709,44.78929488233254,0.46,-59.16645611969773,40.166284092889775,2.44,-24.917001836904255,39.70441492861426,0.46,-58.189972743299776,21.708574657669605,1.45,-12.268534350871525,41.55284287913658,1.45,-55.286585159460856,39.883826225264855,0.46,-39.26958161759241,63.34744369370951,2.44,-22.148566523351327,26.368220934254367,0.46,-37.10487170475834,46.97720681139208,1.45,0.9760770623628243,42.7481478673691,4.42,-58.71655248334389,19.162180610574637,3.43,-23.376375404895462,10.818056781373139,4.42,-18.531718309043203,31.392741865384743,1.45,-48.88654347899782,32.16612145721511,3.43,-0.25586945121234805,29.913524383003768,2.44,-54.898279604677626,34.75768578571046,1.45,0.9760770623628243,39.483833668439885,4.42,-40.06064477352237,60.42441403558084,2.44,-81.8970464442251,39.625876811101726,2.44,-54.03608297207735,38.92403658876903,1.45,-18.871807016904768,27.802607069664248,2.44,-62.33504481645413,20.56408120311303,0.46,-43.737965876874554,67.0923289005938,2.44,-86.3237329218901,62.83375219609225,2.44,-61.10075286731964,20.25916694674431,1.45,-34.92223976353624,54.0107287849543,3.43,-16.494953045293343,40.54661980777535,0.46,-44.528825024496655,54.68054016654898,0.46,-44.12140377615423,34.58379468097833,2.44,-34.37404289728377,11.758826909401606,2.44,-26.430369435905973,44.820466623920694,0.46,-38.99356310245777,46.599468531852196,0.46,-10.918118080513452,42.0029816359226,1.45,-10.875313779728387,42.01724973618429,1.45,-39.14995455278488,22.63081301384484,4.42,-31.749501480573446,54.36325526083906,4.42,-3.3852512640333305,48.47317806335493,1.45,-67.51855904781013,25.060417538524568,2.44,-22.053942955039865,38.29104001108046,0.46,-44.60358745426637,52.935023485984296,0.46,-51.93380087811275,40.21910465339967,2.44,-42.42426242953373,71.45191029428791,0.46,-34.28391804249326,38.46232290847297,4.42,-4.140867877083604,29.47777016756992,3.43,-12.176495091175362,50.27602795626924,0.46,-23.46084669483525,49.7060118133767,4.42,-46.04722244334167,48.44058462134011,0.46,-56.923668951093475,36.4305043940495,4.42,-26.091061199692916,14.592761555811958,1.45,-85.86663713910836,36.249481305620414,2.44,-73.11723736121408,37.750039856366904,0.46,-57.09508851871601,40.5258065150068,3.43,-93.36663718218193,22.025808815961494,1.45,-67.46318133686317,45.99917009548168,0.46,-72.14098343792072,40.94881314446113,2.44,-64.83732597400262,34.713095779364295,0.46,-84.09948712379861,27.56253053402257,1.45,-40.73111911447201,37.74596723380867,0.46,-88.65066195703564,23.45216402890581,1.45,-39.93357509507318,28.382216418672286,4.42,-62.23953564013995,42.59905444409126,0.46,-22.753767831153258,38.057765052376,0.46,-59.25908313930804,51.98118553492086,1.45,-13.819635182421326,16.089569684882868,2.44,-25.065426955102172,26.01453190885016,1.45,-49.32995133803236,36.79054143119085,2.44,-52.8118294705574,36.96279665881529,2.44,-14.738373371265958,28.393462850499834,2.44,-26.232583882671115,36.89815970187004,4.42,-10.921307839302088,42.001918382993054,1.45,-31.420708122617672,22.606890220520672,0.46,-67.40628037025978,41.73793032240462,0.46,-23.364600943243886,67.78324065219061,1.45,-46.01272076801173,32.45421063189627,1.45,-30.749553267550777,48.2482704988336,1.45,-16.31052061684684,31.456725009362508,3.43,-14.066749597831606,55.59574253935879,3.43,-94.46114648698999,30.211597143293186,3.43,-33.14476881566259,54.43957592586388,3.43,-34.447523375494086,53.397318092467536,2.44,-32.226281901785136,70.16945910267863,0.46,-34.029948281582435,34.29903823556627,3.43,-66.54974152984698,40.814071832148166,2.44,-33.25679476908999,53.54615916826805,3.43,-80.96682527258768,49.12601409731664,3.43,-33.77211478325242,34.38498273500961,3.43,-17.488726075702495,49.96251044907037,2.44,-15.890882598821232,51.2200046325795,1.45,-55.286585159460856,36.12869322880991,1.45,-0.27459961478656325,45.298661701872675,4.42,-13.44043272539938,41.162210087627294,0.46,-54.118307072018496,37.938523296704396,1.45,-40.704555873263985,14.108668393096536,0.46,-47.94828178054,29.65959373591375,3.43,-46.9533951017352,27.345435754755115,4.42,-45.88175155470134,35.55464800763369,2.44,-39.87466031671397,37.841129322448445,2.44,-55.20057233871738,38.71523117233251,2.44,-75.59035767441655,23.80343676673803,2.44,-61.42355699852713,26.486903702820825,4.42,-0.4039708164435609,54.371968721670356,1.45
1996-12-21,20.5660464950362,-58.70306892813707,42.96186603923476,0.46,-76.31268085515495,17.812548507024847,2.44,-41.60135740808596,47.46117773575391,0.46,-56.87848804353682,18.138269055817958,1.45,-30.801317872575545,41.69344747478255,1.45,-72.15035202729315,57.41038593984881,0.46,-79.59696595386936,30.083604796214626,2.44,-25.496728100173137,51.94129398685768,0.46,-61.06201915871786,24.762389206722766,1.45,-18.752011447573715,35.93605940072486,4.42,-54.85867373648597,20.7878518626039,3.43,-11.174372828836043,20.97452172561544,4.42,-26.904400816995388,37.38686996130607,1.45,-58.03260557878038,28.492150579750437,3.43,-7.149334476783558,41.737397886119936,2.44,-66.63590603295552,54.25847866482587,1.45,-15.487697248644501,37.568216500189465,4.42,-77.46499945167065,23.076046067869928,2.44,-98.50286389789426,50.34012897693329,2.44,-69.94006020341382,46.36308965901954,1.45,-23.654354729136458,19.961376967487443,2.44,-59.879066662134605,18.72134312478018,0.46,-87.8102354200358,35.643689592762044,2.44,-126.13742576054979,70.05586612404092,2.44,-58.33986045663139,52.292765819253546,1.45,-65.91290919105799,27.470407415186266,3.43,-34.021513495636135,68.97210485354832,0.46,-76.18930583361308,53.73921992473744,0.46,-55.6851390997,19.426080637517448,2.44,-23.11281044925282,22.806482703989268,2.44,-48.23077670239411,53.90170501477978,0.46,-62.57297227687741,33.42369535465251,0.46,-29.901040359003495,46.530769235829226,1.45,-29.87250415848012,45.93950952047319,1.45,-38.76070820919716,61.53092016990252,4.42,-63.09269738397995,18.88521878699263,4.42,-28.8383699699557,37.171984499866035,1.45,-69.55891722890215,18.798317465017817,2.44,-37.32492360868777,31.344955075037078,0.46,-74.5185515828181,50.26893480677021,0.46,-69.13284617407986,66.2688845452541,2.44,-90.85611336638908,47.64758683214531,0.46,-49.726181593533674,53.52329137112465,4.42,-10.598578687220964,29.688509167306087,3.43,-39.43246369001204,40.347724990350564,0.46,-50.14679915077939,21.09082888502635,4.42,-71.46774770724922,46.91160905124229,0.46,-70.33411398771042,11.018313733039106,4.42,-17.663763398072316,36.48018342547556,1.45,-99.09605908729623,46.470451729158576,2.44,-87.84721786014842,48.077429047322546,0.46,-74.60083567629025,17.132621921385127,3.43,-92.37238664071087,30.645792520741217,1.45,-90.4422920749123,94.86206752668944,0.46,-90.0697372249493,51.46003939466568,2.44,-76.53036239593436,58.74719606191007,0.46,-88.64195830038862,22.504309388352453,1.45,-55.45702699084812,52.7045991715083,0.46,-89.08276662850889,37.60460244414146,1.45,-45.29573215631291,60.936827083801106,4.42,-81.81853072679866,15.812206955689808,0.46,-37.791473526096695,33.75856186081565,0.46,-88.22020931679634,45.530390461612264,1.45,-6.889145509871636,35.82709472553293,2.44,-28.059899506519773,59.873553523343155,1.45,-63.100433411790654,51.612683968516514,2.44,-66.75456677194013,56.62075184987479,2.44,-20.111776864333233,54.83512353388989,2.44,-40.1106842271086,54.89693385204252,4.42,-29.903166864862584,39.88861646665312,1.45,-31.007538985705786,29.808295631658826,0.46,-86.12415133523184,17.481417263937754,0.46,-68.12778223800194,47.95738940334359,1.45,-55.44687204247544,59.98137244000307,1.45,-55.97776440895181,34.156496228866466,1.45,-24.74718626877679,32.938471990123325,3.43,-46.64243277975784,11.862097788516598,3.43,-101.65268427285062,46.10521955979367,3.43,-64.5642853840939,19.088429757127585,3.43,-64.82478211052907,27.907472762306913,2.44,-79.3756816470312,65.40758074338068,0.46,-45.30892715971615,50.181461619683915,3.43,-84.34375400456258,35.65929633783593,2.44,-63.78289457992548,18.59017032777787,3.43,-107.07278001247177,51.38299948646147,3.43,-45.13703816082947,47.61795276552882,3.43,-44.43117716734031,40.13183922946054,2.44,-44.09082787396818,61.40087796106648,1.45,-68.3952190308382,54.03856454009053,1.45,-22.55320195922668,34.03546414489838,4.42,-31.582583455594115,65.00402805765906,0.46,-69.03677101129034,54.019714736947364,1.45,-31.793164908927963,29.59926544957224,0.46,-54.58781615902119,52.828772147483576,3.43,-51.278771499057754,32.841292370330386,4.42,-58.41634020490247,49.637647110617664,2.44,-54.69573028172986,56.127394986057794,2.44,-70.89574415361733,22.297406571190056,2.44,-76.37373508372202,29.441098971468342,2.44,-64.8904013439154,3.0084946775916297,4.42,-31.75588018068136,45.030664463431236,1.45
1996-12-22,28.97244763600372,-76.23733897729934,35.26686811978094,0.46,-68.6976333721073,71.6915637961395,2.44,-63.63493915376738,61.528039221990014,0.46,-49.58916110928229,73.13964968794433,1.45,-47.06716935728561,60.62293622780024,1.45,-104.13314197706947,79.61674958685069,0.46,-84.2529747600115,21.142494272045724,2.44,-52.01042609695833,60.00502913534115,0.46,-60.396812375368135,74.80103016694618,1.45,-29.260474858226086,62.84877304018268,4.42,-50.21892960901738,49.664356668745874,3.43,-6.721298564378996,35.05127698734175,4.42,-38.86367478822897,51.414273390317724,1.45,-61.09716016845832,49.3752016584122,3.43,-23.459136372831008,41.80845037638878,2.44,-95.4667887077089,80.70004374552076,1.45,-27.62831775876148,63.052792677615756,4.42,-75.11344952946808,26.435440015388963,2.44,-123.41539688475507,48.59682475446579,2.44,-90.87555387236088,51.92071936625994,1.45,-18.188135706551414,63.69521777789201,2.44,-53.17281379684229,91.8371895260453,0.46,-98.02632902272535,66.21380996882121,2.44,-170.76569589451822,41.960726459230145,2.44,-85.20503028581246,53.305200834634775,1.45,-67.95572061617176,43.057940511625006,3.43,-77.56602235911197,26.16293192320631,0.46,-104.50092976827803,51.29889148539109,0.46,-49.68362374714496,40.985626272746444,2.44,-20.4916971631696,29.3158779638393,2.44,-76.7048857271014,132.6379636429874,0.46,-70.56907164145743,78.22196675772001,0.46,-51.00421360476024,51.16502221845929,1.45,-50.384417688880816,53.25537584489866,1.45,-74.8640323890272,20.465699314953493,4.42,-56.550320180900094,44.172984172608324,4.42,-40.582758479749245,90.40680533706825,1.45,-62.92963870384747,61.61620177823001,2.44,-43.242282693652356,64.0771212795044,0.46,-99.35989039951582,52.03332568092854,0.46,-109.97413472926146,87.05956907290805,2.44,-113.0761042084619,12.137505130251872,0.46,-77.82187697458583,26.1345036325981,4.42,-14.859491864454565,50.42789719521412,3.43,-54.35259269029012,49.86538160011161,0.46,-45.81003204573325,60.78007839174428,4.42,-92.951760768419,54.88736230140856,0.46,-55.92483173067704,80.569842310204,4.42,-28.71635083347539,36.860744771038505,1.45,-120.13891482638232,38.569741940213326,2.44,-110.49705091739847,39.56771749472514,0.46,-66.30586160760288,28.28901913415074,3.43,-97.59058317137959,52.28608385637658,1.45,-159.87676361152927,76.87538078889679,0.46,-116.10218062954249,49.641569933781874,2.44,-109.84996246777195,44.7186904224177,0.46,-85.71867169866859,86.30354049898467,1.45,-82.73403017228394,51.91091705113098,0.46,-101.25977308257787,38.48486260328838,1.45,-80.80496325004152,19.92561469122492,4.42,-72.20314169241597,27.030775308297468,0.46,-46.12243939683985,60.741027472855954,0.46,-108.32300378833611,64.2716392152649,1.45,-17.28864424533208,40.280431229763664,2.44,-62.50585703979044,84.34831053170403,1.45,-89.28552139023469,58.3217164424316,2.44,-97.94772263174244,54.26286706849314,2.44,-49.51930440815064,82.59226192806865,2.44,-69.58002208907864,22.089988083591734,4.42,-44.36418734144321,63.93688319853054,1.45,-35.388238627292125,77.92710188545567,0.46,-78.17797260909711,29.197147197098104,0.46,-90.65757565127305,52.2033858262611,1.45,-90.00064849240603,62.957521612551155,1.45,-64.7066646477458,37.94639422208206,1.45,-32.25806226882763,39.36190279530141,3.43,-33.07693457820195,42.12255099388687,3.43,-122.3303078425718,13.747806032357474,3.43,-58.225119151149,46.004860079125805,3.43,-67.30465888276349,45.2205808171448,2.44,-119.35566640033939,40.08710694300892,0.46,-70.06279278932757,83.26874828177017,3.43,-94.57545435232603,11.424615254168144,2.44,-56.94546891763086,46.515479562786375,3.43,-133.02818350886076,47.223569522450696,3.43,-67.3273949362858,83.65951940363327,3.43,-59.13542040672836,50.16001475355889,2.44,-80.06410984496218,82.6253786033641,1.45,-97.00618758085625,80.50761888637734,1.45,-31.16107011405257,49.1708436721885,4.42,-71.15901552318068,23.413938707764824,0.46,-97.62888975816522,46.96358807496473,1.45,-35.96483436842772,46.25702913639942,0.46,-81.98899231643227,59.23378257665691,3.43,-58.69246787931566,85.29683384906991,4.42,-82.62639132544764,41.37980071757294,2.44,-85.39552927771517,81.95895117426998,2.44,-67.76555473473489,58.035638055619074,2.44,-80.38723806511788,47.89228432877432,2.44,-42.47130003143454,48.324750673560914,4.42,-51.358948654040105,41.3601480119643,1.45
1996-12-23,25.282351459655928,-75.68304460434535,37.47623059999394,0.46,-104.56803467551188,55.96406717873339,2.44,-89.34181588302246,57.332926565994626,0.46,-86.90764830449169,48.23651184203565,1.45,-71.86894309235092,55.6209286020448,1.45,-147.92872907118522,80.88614320616273,0.46,-69.5743065393223,37.9709934183334,2.44,-76.19429273956455,50.316447190887295,0.46,-99.37668004957939,41.17692546133188,1.45,-56.28808540567384,78.45792246964649,4.42,-64.06212378502832,35.83305102467419,3.43,-5.951413058985821,90.35655100564617,4.42,-54.45678568581177,50.747955464621946,1.45,-74.6511993341356,110.3760354187842,3.43,-29.446424256484857,63.0853799437239,2.44,-140.34566996049472,95.1302314420942,1.45,-54.85994794364231,78.7435499620528,4.42,-65.72772705212212,32.1352804903024,2.44,-136.19105914648594,64.8137309994139,2.44,-106.9751107458859,40.32838564426708,1.45,-46.0621909917085,42.6053064154178,2.44,-109.18884083015266,50.24374750324692,0.46,-128.41897649881162,126.68476250636884,2.44,-176.90525986101346,101.94848768577364,2.44,-102.6890686277123,72.70774884559468,1.45,-75.19249863506184,53.70674500954069,3.43,-67.90779178958334,196.9628463093229,0.46,-119.9786587609342,60.59308432321476,0.46,-54.84808752715648,44.002004601776534,2.44,-13.986412634273972,86.63825793151882,2.44,-173.52168687735386,77.49393724741509,0.46,-112.96987590644251,52.12551915926681,0.46,-66.3480733304846,60.74185632699477,1.45,-67.81863104104454,64.18627623849505,1.45,-59.50856921124577,73.73417304045493,4.42,-64.9021418607735,79.06847675071266,4.42,-95.16840132408257,72.83070463815159,1.45,-88.72467798934255,48.03461965482999,2.44,-71.49824148042183,31.23297356860938,0.46,-115.57205358770943,61.22259934796115,0.46,-161.21254130943458,109.19680909971049,2.44,-89.39244684597884,68.25376485782527,0.46,-68.135218114449,54.80526113832511,4.42,-29.46622656693376,25.542817911414375,3.43,-68.3968117976668,132.68697897648332,0.46,-70.7689479447426,77.26776608601891,4.42,-112.01796057709264,60.09986409854074,0.46,-100.67351154814611,64.46129365009752,4.42,-29.755933111778965,66.18222529233773,1.45,-122.88749427386071,60.373128014020175,2.44,-114.24360591938867,24.444740360209572,0.46,-58.77371824901869,64.03930382459473,3.43,-114.05550453502124,59.830710532826004,1.45,-200.93098190769115,54.191203389913184,0.46,-129.92258807058943,58.2247997883271,2.44,-118.74749039745473,49.181675329102255,0.46,-136.20104970491832,84.71780673847333,1.45,-98.82378473067999,66.31216845006333,0.46,-103.92347319313131,43.762117227471016,1.45,-64.90941544853152,73.2431870188835,4.42,-63.412754507978505,79.54420799363159,0.46,-71.04230437696089,46.52938764843664,0.46,-136.77348051086608,48.29868549865706,1.45,-21.747912982360816,71.65133174863891,2.44,-111.03300507875954,38.579630042555955,1.45,-111.78607533993136,44.17169828037221,2.44,-116.38942720750065,50.63022378602159,2.44,-96.29040384348437,38.40126357072969,2.44,-55.848847679935446,53.7757963843502,4.42,-72.47990804723882,54.32251781245957,1.45,-77.49417802001287,40.89761254289994,0.46,-71.55395731346029,78.52655764294637,0.46,-107.03979898479922,116.23344245734779,1.45,-117.13700761222225,59.681753081062176,1.45,-66.83189637709293,71.33371099705633,1.45,-35.79880257139411,35.695403432237846,3.43,-39.37832307935389,61.97424372017279,3.43,-100.25695138219434,129.76631746795064,3.43,-68.40881673753988,79.36656322273863,3.43,-76.70407720717336,60.41562194090021,2.44,-123.62161085061338,146.53694029554083,0.46,-117.51037857836282,39.340903910614806,3.43,-70.17890711375925,110.02216993127526,2.44,-67.6397859876823,77.44334218122721,3.43,-144.43059053857652,59.868925362970316,3.43,-115.16575184718414,37.95587438734423,3.43,-73.47427266755233,42.66918677098956,2.44,-126.86832595559135,75.15804950319819,1.45,-141.69264397449865,57.49108643556269,1.45,-44.51075129350614,44.48058990971189,4.42,-58.751791738210585,197.87844631446018,0.46,-108.77131534039502,44.62447369056987,1.45,-46.400701012092206,88.32178292613453,0.46,-105.40161240035425,44.262748584233066,3.43,-108.16813923565064,82.10741092995056,4.42,-88.18502955028566,53.63665480650812,2.44,-131.5333179592502,51.87223387692359,2.44,-89.98003029761904,136.9759715796131,2.44,-92.45835990115728,61.99042499621239,2.44,-54.974888212260524,56.766551449053374,4.42,-56.897934173269476,70.81071214299675,1.45
1996-12-24,22.29654478832032,-81.90050027400386,46.72118654486523,0.46,-129.27332692390985,24.622786517734074,2.44,-115.41596751868167,37.76385063582715,0.46,-103.8853852161919,86.369017528062,1.45,-96.23109676406028,91.05485235383543,1.45,-197.55609734701252,145.82200256998624,0.46,-76.28652502732027,232.27728011445546,2.44,-95.25196500011641,52.20811038475398,0.46,-109.29483058057585,72.95597454656864,1.45,-103.4872329449849,19.64236557268901,4.42,-68.63639987936708,157.10624053193908,3.43,-65.04918913429657,140.4195019885504,4.42,-73.94596622009828,195.21081109283392,1.45,-153.76845982258436,30.68304926641652,3.43,-61.273029269873334,53.70548085625693,2.44,-204.21712647225348,89.39182683703945,1.45,-102.34472297535967,11.81319126138614,4.42,-66.60423261208909,218.98399694067064,2.44,-169.74601521556443,121.6812456464123,2.44,-116.04472145981757,147.624576215849,1.45,-57.40872247679087,76.54042427780348,2.44,-128.17381340306417,109.61664660104843,0.46,-223.84496407484505,187.3852301550155,2.44,-247.59497261645168,81.73117880333393,2.44,-144.13804254297156,85.33616691350406,1.45,-97.6404687142671,155.93857530778976,3.43,-233.61186316857084,28.546937332686742,0.46,-149.31296815381353,107.26785162874295,0.46,-67.59131719859758,23.23195714732774,2.44,-69.36589563545736,174.09365945989177,2.44,-219.75684919443353,84.78068557879358,0.46,-133.8366201353739,108.98744585301401,0.46,-95.83115472714394,158.48894013176326,1.45,-100.74613234920417,169.85966910529677,1.45,-101.98396732136527,39.84568470018838,4.42,-112.71184368115073,81.38475988178186,4.42,-136.74033103189873,179.77043244170238,1.45,-105.50052271383711,206.11110728526808,2.44,-71.47244011869577,55.02043564678412,0.46,-145.53587800533518,74.04689653022317,0.46,-239.15057547880966,35.53993902784969,2.44,-126.38743677346869,114.2826079366285,0.46,-91.68170432243869,53.66804305271515,4.42,-23.750269548012707,88.0080341782906,3.43,-169.8250158438147,149.975530642181,0.46,-116.7779391004261,10.087350813130332,4.42,-140.85904974529794,135.3116047511755,0.46,-133.87603026790822,96.87671468145037,4.42,-64.67938347378127,68.55402609421354,1.45,-152.00184735754547,6.665434160729828,2.44,-107.42957134926283,229.1629754822612,0.46,-91.55424714327799,71.924594420469,3.43,-142.62744013751183,84.97255872062382,1.45,-223.8634103672689,79.3387104257722,0.46,-156.8886129285811,78.64793238291308,2.44,-136.67039079622157,211.19886825354484,0.46,-189.66008151305624,243.40110764654034,1.45,-133.8771782504079,113.45041443919078,0.46,-116.4268154902669,20.529541320842213,1.45,-106.8938275370796,39.399333771487086,4.42,-111.69818757127467,76.35022518818502,0.46,-86.31291709506209,33.92690022517779,0.46,-153.8133910791877,108.5904618727727,1.45,-62.1404698006643,62.41729457266795,2.44,-118.35386019098007,34.202255829584196,1.45,-124.69899868996815,11.782827456757012,2.44,-135.7608760631868,66.41526981555633,2.44,-103.43289248387865,73.6887168086558,2.44,-78.36586913395021,54.158757019877314,4.42,-95.54365092936297,192.0904461206958,1.45,-87.13301563257738,47.01413113731037,0.46,-118.82174002607124,81.24668341926788,0.46,-192.01446651181158,26.102915347648516,1.45,-145.559985762949,45.75949244125247,1.45,-106.90683244381384,156.16423618921237,1.45,-40.23543107329653,89.0067954810723,3.43,-70.09379186919125,66.82286899836396,3.43,-198.76449391980955,54.98995993121908,3.43,-116.5166050299431,88.79995349927715,3.43,-105.86092421773813,157.235218945439,2.44,-238.89977621581878,220.8565233624824,0.46,-125.59250755864218,38.77140316893926,3.43,-148.9423021146991,167.57779941712963,2.44,-113.82435323857408,74.82137448154299,3.43,-173.04074097121142,66.55614852850091,3.43,-121.86285130419296,34.495972065360824,3.43,-84.88468450820646,104.34242754527311,2.44,-170.7676005284541,26.923496724051976,1.45,-167.92495547972592,105.1998530369749,1.45,-57.7325662728826,138.29307638052424,4.42,-225.37146312233534,29.296064609617243,0.46,-122.13701410062946,148.59857886337457,1.45,-103.46370900789131,84.68039301522649,0.46,-118.4055860542519,6.077613086469341,3.43,-159.01677523526578,28.229143978850676,4.42,-110.56290942645836,34.91052408090435,2.44,-152.14677690583838,42.40572243363949,2.44,-195.6972269468967,46.5288592048801,2.44,-123.19000996703424,86.91630173767157,2.44,-80.48266473097847,87.93977372015112,4.42,-96.4498713859308,215.66781485468826,1.45
1996-12-25,19.16653052185579,-101.05452494413527,170.91489662668022,0.46,-126.32895156691008,117.281411483934,2.44,-125.61265627977497,150.89091145502502,0.46,-162.68724086952005,50.19612118593874,1.45,-159.71878724316187,73.5343276199954,1.45,-315.8109380422649,33.081088812961006,0.46,-280.9966432670419,135.1151794232958,2.44,-119.89291351013657,140.1651398013301,0.46,-154.68364325241066,102.87790517711097,1.45,-95.56243664294007,98.41803770478874,4.42,-198.1754785365723,84.86031310773315,3.43,-177.90152924811312,21.790143625704204,4.42,-241.58961543819836,168.75821374914892,1.45,-156.88434721426705,111.84319891652157,3.43,-87.41134825139643,13.013003677362201,2.44,-266.04179143455906,30.351048079812813,1.45,-86.59075236201197,99.53949823990476,4.42,-258.0210676780259,124.20238462431657,2.44,-263.86009898724285,201.2624276012757,2.44,-236.10213580093273,105.05632482175841,1.45,-106.38198487986051,161.54387450987662,2.44,-210.22329812937875,55.980458465225276,0.46,-383.6630323551267,49.53631517269046,2.44,-301.7589895450518,66.50762155330732,2.44,-201.90704758174178,160.26519716466188,1.45,-226.01188214732304,60.65976510212036,3.43,-234.59163862652375,138.78213563871958,0.46,-229.01365790782262,139.40191127413084,0.46,-63.256112471191486,111.94379793256834,2.44,-215.8923932206153,19.44708575118066,2.44,-276.9703728984933,203.4928833586597,0.46,-215.25690411365406,102.02324003771899,0.46,-226.75293298417336,98.62926441945879,1.45,-243.0386395797671,95.60044304148421,1.45,-114.2624901468198,83.25130225484926,4.42,-166.52944168819874,47.566983241123594,4.42,-288.9436015988673,37.406965950174,1.45,-284.04446812437135,105.49795100593795,2.44,-98.92571389074607,114.60766680613722,0.46,-192.0156126608245,99.06784791360505,0.46,-247.1233526319255,203.70864585448405,2.44,-213.10288283536335,205.22427278391797,0.46,-117.78258550042,83.73550156766166,4.42,-84.19114185156947,60.61095464174058,3.43,-292.23338461126184,198.4250990388738,0.46,-99.29812803882258,196.74868370217843,4.42,-248.6034926217396,64.14804364689192,0.46,-203.18558307462473,223.87079133372225,4.42,-105.66624769326097,98.35238157833015,1.45,-131.10011964354146,116.26406030127086,2.44,-309.02538495679016,64.0207191765134,0.46,-135.91167968901317,92.72616943342561,3.43,-200.0328369834018,224.22109645496923,1.45,-275.63495891830723,54.804530389285304,0.46,-207.96938343676032,131.57760132819223,2.44,-320.3020971750326,193.31324896839917,0.46,-405.49402728486274,97.75670197623407,1.45,-219.76043081486483,53.6754644868729,0.46,-109.38919493637528,164.6499546684261,1.45,-118.72599943383284,82.80495132614797,4.42,-160.48125088472585,108.22615955737803,0.46,-92.67265544550605,110.12976999802268,0.46,-234.8366910772266,136.455952888576,1.45,-96.9906024985984,122.3878171915464,2.44,-124.98895414583043,171.25349622693494,1.45,-108.91466427199134,119.41413127012596,2.44,-174.6089840040093,58.080905197741025,2.44,-149.5544474178006,64.47776743703274,2.44,-104.9574642790937,83.46964954567969,4.42,-260.06693517532494,165.83983923399168,1.45,-106.57998489515393,82.91374608976591,0.46,-172.50126157060527,106.72365822164309,0.46,-190.55021998472625,70.99041338994469,1.45,-163.75231632946762,106.69381463766203,1.45,-235.50390675829237,12.09551996305432,1.45,-101.675064679635,115.57693283301438,3.43,-109.34949899282137,84.11054846574108,3.43,-226.1872919762948,95.51104284866628,3.43,-177.74939665448642,47.22936933873762,3.43,-235.52898128844328,73.01291786628835,2.44,-432.1891377035673,10.891785599391607,0.46,-136.7967488528476,192.06135610042531,3.43,-288.9529396570949,124.21545985361637,2.44,-161.07856584538322,53.443456857217726,3.43,-212.02972762497848,54.06511644433863,3.43,-128.79166149481995,170.71025231993644,3.43,-161.65995017874573,103.34706650556294,2.44,-170.12393537777223,254.96314455003917,1.45,-245.55764664196698,35.79900117606617,1.45,-168.458480778673,35.10551300611708,4.42,-227.10036585721875,129.83842110815056,0.46,-243.1684310892702,154.37071380644355,1.45,-160.57694014838395,91.44176733929336,0.46,-96.9160372659874,119.22152439448595,3.43,-159.67875733938263,106.35863742236026,4.42,-117.90627163262887,122.0102297450451,2.44,-166.98533746474402,210.34844449176455,2.44,-214.65892427704296,222.59597564456467,2.44,-182.539149829972,226.16483947201698,2.44,-140.85527657639577,166.22710532052866,4.42,-284.5505243658852,31.46645920674192,1.45
1996-12-26,18.27165620476772,-248.2721691718787,103.31085800390579,0.46,-219.9131106519073,156.1683729049964,2.44,-252.8063153358632,297.520660656,0.46,-189.186109656522,163.2621038098656,1.45,-209.55586246422047,165.84387969346326,1.45,-325.19477445628917,271.097617337761,0.46,-392.414570291401,30.927292970859902,2.44,-236.36080091252987,159.32204448459396,0.46,-233.86429603058485,20.01236247127455,1.45,-170.283221948792,140.9097876860885,4.42,-259.3385392453687,190.6296338882742,3.43,-175.99442047488054,114.95458587605494,4.42,-386.6505767884105,285.6952375617044,1.45,-245.03029373185183,76.23006476263724,3.43,-76.72709952982184,172.07792969633925,2.44,-272.69558711543505,175.47896957932062,1.45,-162.43299820297995,141.891065654315,4.42,-358.52619990340565,33.9755570528334,2.44,-441.4252741895817,94.20573125324091,2.44,-317.46120822375434,50.22164952759904,1.45,-244.22860699080033,134.14959379789718,2.44,-242.50650419566722,293.9969869900253,0.46,-409.5020951288804,287.55284369749046,2.44,-344.56935869942237,104.49402848552651,2.44,-338.47499234746687,77.01311144478152,1.45,-262.9743948505066,32.10155879798355,3.43,-349.67652186630653,87.05541901138261,0.46,-344.7183167830167,290.3543775623037,0.46,-151.50265800482305,124.69999054717395,2.44,-211.64222657285916,171.66090060648787,2.44,-456.7660038582162,93.27436396964713,0.46,-293.58289175243624,21.139315467177223,0.46,-301.68494500469535,158.33546341738185,1.45,-314.94183022231454,99.51598479300671,1.45,-173.81654000273227,73.45183110237946,4.42,-190.39917253038556,247.37902766818485,4.42,-302.6533151501045,108.68563284045831,1.45,-365.8451667313725,240.2319118128336,2.44,-189.8361282979465,115.516898147327,0.46,-267.38620817549275,134.95466013761884,0.46,-427.13474608747276,96.23748974672148,2.44,-394.62990322034454,46.09420097675514,0.46,-177.82083466914486,293.48306915134503,4.42,-121.10484409437325,25.04276268815303,3.43,-466.9612312511989,276.77183151028345,0.46,-272.3495593420642,170.1511127558212,4.42,-289.0542838696947,126.06340494597566,0.46,-403.35912200941016,179.70396691214887,4.42,-180.32137687265433,188.66234097131724,1.45,-223.66692754587552,137.8626651555687,2.44,-349.3488517343668,156.36016447743148,0.46,-204.94059672350198,201.75046972169423,3.43,-400.55668103943424,145.97649641303946,1.45,-306.74223690865574,199.58647454487158,0.46,-315.84973236601576,107.43820178920896,2.44,-489.91809374449497,34.99338075147973,0.46,-479.55347686216004,261.231175751284,1.45,-249.73864290280093,291.69199301167293,0.46,-250.34189720586457,31.82555240244981,1.45,-177.83369836104401,73.08663488798747,4.42,-245.01015804316708,253.0773435258541,0.46,-179.10517304459194,144.76366404105227,0.46,-347.5953915668658,122.66439551166769,1.45,-195.681167291208,167.99450496750524,2.44,-272.5451979738286,155.34565710852857,1.45,-204.63154314318052,297.520660656,2.44,-208.99263680281354,162.65709410570298,2.44,-190.33496245589652,93.53422527406762,2.44,-164.7298614258366,263.1123806030204,4.42,-402.2095220103798,57.24163935169639,1.45,-165.79647858598304,202.32239147069743,0.46,-255.52766739331156,265.4875652919188,0.46,-237.84338097573414,198.09460480477955,1.45,-246.74887856819285,178.7223081477259,1.45,-223.9021743224099,186.58620281907378,1.45,-193.55474511371258,185.37157482953592,3.43,-169.76279505962566,131.60641758532023,3.43,-298.00108242602425,7.648581716118833,3.43,-201.28151359428725,255.43402561625973,3.43,-284.8446467557948,31.552355251717053,2.44,-419.38367090402215,248.9083141241916,0.46,-305.1608525543361,92.14630578422361,3.43,-389.4711471117745,145.66551956616632,2.44,-190.82477030366414,290.58815737415136,3.43,-242.3975916703803,108.94671522577278,3.43,-275.8046614158196,85.96601586358827,3.43,-241.30976428537187,95.63581910878615,2.44,-401.3898275288746,236.28250505755557,1.45,-257.65939541909637,273.8155297008662,1.45,-179.8667413858533,74.04627874227404,4.42,-333.2415345664325,85.28434263710675,0.46,-373.84189249677695,46.23843648274418,1.45,-228.32145508874052,155.6356835922335,0.46,-192.44030926153656,185.51087931105792,3.43,-242.3401423628061,39.14543394319516,4.42,-216.21924897873717,62.84376567345287,2.44,-353.63652955757175,99.2542663555823,2.44,-413.55764752267083,88.5586717596338,2.44,-385.0067369030522,91.73099516181365,2.44,-283.38512949798763,248.28047209400154,4.42,-292.3197311736904,269.4829877315419,1.45
1996-12-27,66.5631004243541,-328.99218589977784,203.3428041551059,0.46,-353.4906422808971,186.5944235356295,2.44,-527.7361347158566,297.520660656,0.46,-329.857372190381,201.038651071017,1.45,-352.8089008816771,197.7598612579747,1.45,-573.7015505180436,297.520660656,0.46,-400.75102198625433,126.50783733960884,2.44,-373.0920041211172,158.57098849853222,0.46,-231.28581722585278,215.12030178023534,1.45,-288.6021683588739,169.13221796881265,4.42,-427.37733185763625,77.77233678023771,3.43,-268.3581650749289,196.9440499092093,4.42,-649.7549730741083,68.48191236055791,1.45,-298.66951721848244,144.10917122883285,3.43,-226.2141879501545,283.78268172835965,2.44,-425.5837154187491,297.520660656,1.45,-281.7332225812884,169.99083619101083,4.42,-369.91091568023245,182.70139945132834,2.44,-513.0401641668161,203.32456411021815,2.44,-345.0920164753468,93.66077069160887,1.45,-355.7873595126909,76.52597318348573,2.44,-513.9126499096859,267.2167368155904,0.46,-674.4640975503643,101.16987152740332,2.44,-426.47254590894227,97.3494344871815,2.44,-392.89726251624177,6.289625174971732,1.45,-272.4851123724835,270.11808732278354,3.43,-414.1410996016825,257.79128841231307,0.46,-612.4818530693137,297.520660656,0.46,-253.61180727599037,189.228569245171,2.44,-360.71228590334044,285.90513540466054,2.44,-527.4495265518567,124.03875712221294,0.46,-292.13136594360685,259.15584399197724,0.46,-437.4295671460706,11.838461979973694,1.45,-391.86697373931463,17.219356976013653,1.45,-224.6775298291051,128.28808197802698,4.42,-415.1873589225638,109.59531973686437,4.42,-388.74810671455623,172.74043117668123,1.45,-583.4862372681995,66.33219054224867,2.44,-282.7621851692669,78.51632200765023,0.46,-379.750027037105,297.520660656,0.46,-500.7813945581877,129.76596454808748,2.44,-418.1332629210931,284.11072950155517,0.46,-448.71306254448325,274.9050383245177,4.42,-123.55676550651967,181.9620815577788,3.43,-721.1422214854758,194.99735011707742,0.46,-419.9098308218788,5.796084074511242,4.42,-392.5268475396638,222.87322239388732,0.46,-560.4722476455524,77.07911983625806,4.42,-346.39287656796495,71.8480495806925,1.45,-338.9387514254376,129.23792808877675,2.44,-483.11817493579167,218.4361961044514,0.46,-384.10022516918957,77.56538839265949,3.43,-523.942336176467,122.11198693933882,1.45,-483.73787017752073,270.56949011916436,0.46,-400.69709287921813,222.0484093248178,2.44,-502.3206332199681,80.78172734134384,0.46,-718.1938113374374,57.31022835497728,1.45,-518.8397946384673,266.6692762901703,0.46,-259.5766083323078,186.28887061373496,1.45,-228.32949197302486,127.92288576363501,4.42,-475.49666029301454,80.86111997802162,0.46,-301.27799580963756,297.520660656,0.46,-447.66894580252693,74.39040112275593,1.45,-341.08483098270665,64.75079444259136,2.44,-405.30001380635053,144.5721659964142,1.45,-479.5613625231739,59.50413213120001,2.44,-349.05888963250993,187.97730273614474,2.44,-261.2783464539575,156.5667512878275,2.44,-405.2514007528504,280.33774604847184,4.42,-436.86032008606963,276.3866311318194,1.45,-345.5280287806738,198.7999858438323,0.46,-498.42439140922374,77.99515358849547,0.46,-413.34714450450707,83.94498525658055,1.45,-402.88034543991216,297.520660656,1.45,-387.89753586547704,282.5069791593935,1.45,-356.3354786672419,109.03894569413156,3.43,-278.77837136893925,148.57204561989823,3.43,-283.0588228661365,80.89577153809657,3.43,-434.12469793454034,135.50407147252102,3.43,-293.8061607315053,269.56888377651705,2.44,-645.7011437522071,67.87515791883344,0.46,-374.7163170625531,124.12684728347456,3.43,-512.5458254019343,76.87851338675597,2.44,-458.82208640180886,131.9758731200541,3.43,-328.75346562014647,113.63594786864746,3.43,-339.1798360034013,129.20348743478195,3.43,-314.3547421181514,203.25331250990692,2.44,-615.0814913104236,143.7149722776033,1.45,-508.884083843956,297.520660656,1.45,-231.32217885212071,112.68154175948659,4.42,-395.9350359275327,255.5600919446053,0.46,-397.48948770351456,96.90364820826841,1.45,-361.36629740496744,155.04365087427445,0.46,-355.36034729658786,18.549572524205814,3.43,-258.89473502999465,65.5490773107038,4.42,-256.47217337618343,173.14846734164894,2.44,-430.2999546371475,136.9727209691364,2.44,-479.52547800629804,173.48101513905715,2.44,-454.14689078885925,129.79198548701302,2.44,-509.0747603159826,156.96581365190843,4.42,-539.2118776292257,103.43001706897492,1.45
1996-12-28,87.7236787392982,-450.03722680487806,219.16368161032773,0.46,-457.7873025665209,66.4392960255949,2.44,-742.9590321218509,206.3508930116106,0.46,-448.5982600113923,297.520660656,1.45,-468.27099888964614,103.49654675460413,1.45,-788.924447924038,80.9114126294712,0.46,-444.9610960758575,8.074031993976751,2.44,-449.36522936964377,263.15091004949767,0.46,-364.10835575608246,238.14694387636322,1.45,-375.43662307768085,272.391985835993,4.42,-422.85190538786827,148.7512245903032,3.43,-383.0044517341325,60.226424132124315,4.42,-635.9391221846605,290.3208116312143,1.45,-360.4809251973096,134.7725701169022,3.43,-427.69910642850846,68.33682547673094,2.44,-640.8066128247434,77.34016765960239,1.45,-369.4262955222935,273.14327678041644,4.42,-470.3145518815551,2.9143465303046443,2.44,-634.0669650270286,36.980559356672146,2.44,-356.45502391695,145.847129982235,1.45,-350.01556944617096,282.8182728295158,2.44,-698.8316234752706,270.09056275412155,0.46,-693.3362058277619,49.197482932848814,2.44,-441.5242171461181,297.520660656,2.44,-316.8891244412078,166.4116880814133,1.45,-460.30543644526136,40.056934720989446,3.43,-589.6346247639899,297.520660656,0.46,-827.7047504753081,282.1431378800396,0.46,-360.5426132711557,75.75802023023668,2.44,-564.3196580579953,47.88860687986053,2.44,-569.190520424064,297.520660656,0.46,-468.9894466855784,225.66852497484956,0.46,-366.97026587603864,249.8549905047737,1.45,-326.7885674653226,255.23588550081365,1.45,-270.6678485571264,260.91709876434356,4.42,-442.4849154094225,40.57785145516984,4.42,-479.19077464123177,234.4965999471898,1.45,-567.5206645604425,133.9161486193978,2.44,-278.98074392691143,297.520660656,0.46,-594.9729244430994,297.520660656,0.46,-548.2495958562695,1.9519743291175473,2.44,-619.9462291726426,85.74730754418555,0.46,-641.3203376189953,204.12716360817245,4.42,-223.22108381429274,297.520660656,3.43,-833.8418083525476,248.16479328222536,0.46,-343.40815164638434,241.10411589203437,4.42,-533.1023066835454,230.46029516065056,0.46,-555.2536042318048,109.59088099681335,4.42,-335.94316289865174,121.38288593616221,1.45,-385.87891626420867,281.2180644034082,2.44,-619.2566077902374,49.822833509418075,0.46,-379.36785031184337,224.25466605478132,3.43,-563.7565598658002,213.82263582732185,1.45,-672.0095970466793,200.29100617971196,0.46,-540.4477389540302,46.64017865487248,2.44,-500.8045973113062,142.25565702553985,0.46,-693.206276442409,126.66854784472417,1.45,-703.2113076786319,212.0291393606419,0.46,-363.56771569603706,144.27210139204257,1.45,-273.9546144866542,260.5062530231526,4.42,-474.0600170210305,297.520660656,0.46,-516.5008932156319,230.18796818203037,0.46,-439.76158367527717,62.926220836021514,1.45,-323.53786217529233,115.52009327789315,2.44,-467.5744165527591,137.31456437639156,1.45,-456.7677314043682,261.4185728597514,2.44,-454.738429118649,147.38383161407512,2.44,-335.54733449177934,297.520660656,2.44,-603.2913835513166,208.8807828666323,4.42,-630.9491879678833,125.98758319346771,1.45,-462.03025137450044,224.15810164516066,0.46,-494.1217817477135,297.520660656,0.46,-414.9943665110819,91.26657897389181,1.45,-618.1032428459065,297.520660656,1.45,-588.1067517748648,240.77249730127704,1.45,-383.07666111136774,297.520660656,3.43,-345.0526537388318,123.6831799432676,3.43,-281.65683115422735,249.92573310519967,3.43,-487.33100615705564,59.81798265836705,3.43,-481.0772812580167,63.515547362279165,2.44,-631.2785384210349,232.138139972043,0.46,-416.545401096022,2.714093387167175,3.43,-507.12657553868456,91.65163039179505,2.44,-508.50019627185725,60.087682985549094,3.43,-360.09165023878825,297.520660656,3.43,-386.08556018817757,3.1617796271353478,3.43,-435.3102913780526,97.92049342917873,2.44,-676.4987003380213,297.520660656,1.45,-724.1069812499503,67.82871649306108,1.45,-261.70595736160163,187.127133137417,4.42,-569.1973646221322,297.520660656,0.46,-412.0953726617773,150.5439800446517,1.45,-434.11218502923623,260.3434531989484,0.46,-291.612156570788,256.56610104900585,3.43,-242.14604909069277,297.520660656,4.42,-347.3228774678267,200.27935766161224,2.44,-484.9749123562782,1.285417588668742,2.44,-570.7087298953495,132.88754401698756,2.44,-501.6411130258666,141.52099612567292,2.44,-583.7428107178853,187.73957663877997,4.42,-560.344131448195,133.6332225826475,1.45
1996-12-29,70.49304882484337,-560.74047766182,165.59981296782166,0.46,-415.76616783873004,297.520660656,2.44,-840.8494943800756,222.8664838268561,0.46,-637.6584899140066,273.11844850157365,1.45,-463.3071148908645,202.3324735062021,1.45,-761.3754298001234,291.44043804194666,0.46,-344.57469731644846,246.09056051877675,2.44,-604.0557086657557,226.4937937808267,0.46,-493.7948688790599,297.520660656,1.45,-539.3681781602882,217.98290733669236,4.42,-463.1426992247857,132.1446331370149,3.43,-334.770445112871,177.0067996493008,4.42,-817.7995030624891,257.69019375893015,1.45,-386.793064560826,297.520660656,3.43,-387.57550115185364,260.19768258797234,2.44,-609.6863497309599,297.520660656,1.45,-534.1091415493242,219.03471465888515,4.42,-364.768467658474,240.93087505510465,2.44,-562.5870936303149,133.76416822785126,2.44,-393.8417231457992,297.520660656,1.45,-524.373411522301,138.687968196804,2.44,-860.4617554760064,228.55779538917372,0.46,-634.0732580072249,148.45036462896502,2.44,-630.5844470487323,155.25038467066628,2.44,-374.84038176923536,297.520660656,1.45,-391.90194041286503,277.363557229927,3.43,-778.6948546666042,297.520660656,0.46,-1001.3874576019618,182.73199302138454,0.46,-327.8402027480066,297.520660656,2.44,-503.7478341844701,194.24432964748098,2.44,-758.2507503266781,297.520660656,0.46,-586.1975409070421,297.520660656,0.46,-508.36482562742657,297.520660656,1.45,-473.5640222127505,297.520660656,1.45,-423.1245165680842,297.520660656,4.42,-374.60233611120657,168.97067047307118,4.42,-605.2269438350359,297.520660656,1.45,-592.9763824264545,160.59833488712286,2.44,-468.0409738295257,297.520660656,0.46,-784.0331543457137,237.07056883544658,0.46,-441.74113943200126,239.96850285391756,2.44,-597.2331059634423,244.43185679316895,0.46,-736.9870704737818,30.43014755152424,4.42,-412.281313716907,297.520660656,3.43,-973.5461708813871,297.520660656,0.46,-476.05183678503295,52.12782249332118,4.42,-655.1021710908102,269.45425876158066,0.46,-556.3840544752325,91.79737588102563,4.42,-348.8656180814282,297.520660656,1.45,-558.6365499142312,267.64671596481566,2.44,-560.6190105462697,287.8393620342181,0.46,-495.1620856132389,249.4308885414147,3.43,-669.1187649397364,297.520660656,1.45,-763.8401724730055,291.08833194582064,0.46,-478.62748685551696,144.259119074701,2.44,-534.5998235834603,297.520660656,0.46,-711.4143935337474,157.78254242854194,1.45,-806.780016285888,297.520660656,0.46,-399.3793863346939,297.520660656,1.45,-426.00043675642104,297.520660656,4.42,-663.1202469236448,268.02609709964605,0.46,-638.2284306442765,273.52174976080585,0.46,-394.2273737579129,297.520660656,1.45,-330.5975246997997,282.3438007241026,2.44,-496.4285501757649,297.520660656,1.45,-609.7258735107339,287.4149979806094,2.44,-493.66182997933834,216.7093855103952,2.44,-524.6075643943936,273.31821355145524,2.44,-703.7117356645631,24.2843698339218,4.42,-648.4763404079652,297.520660656,1.45,-577.7279222662753,297.520660656,0.46,-683.1820116503277,264.01374415430945,0.46,-397.80051473158795,278.0575922643686,1.45,-807.1634727485207,284.8992890493185,1.45,-720.4188183227561,252.97415284118597,1.45,-572.136891013982,293.144909440378,3.43,-360.2754029287136,297.520660656,3.43,-423.1221335060412,297.520660656,3.43,-438.6885580620369,159.1636311610301,3.43,-436.1323978669101,297.520660656,2.44,-754.956247639692,297.520660656,0.46,-310.7990637298034,240.73062191196718,3.43,-490.31777517709384,297.520660656,2.44,-460.12744850402055,154.8758530726334,3.43,-549.1518801414024,165.4294555340825,3.43,-280.78690906192713,241.17830815193537,3.43,-424.7703540538456,297.520660656,2.44,-865.5589302406355,297.520660656,1.45,-683.4752669896255,297.520660656,1.45,-340.37265974563286,209.58581891609242,4.42,-758.2575945247465,297.520660656,0.46,-454.1789219530432,297.520660656,1.45,-585.9952074747989,297.520660656,0.46,-439.7178268664081,297.520660656,3.43,-431.206278993307,297.520660656,4.42,-439.1418043760532,297.520660656,2.44,-377.79989919156117,239.30194611346874,2.44,-595.1358431589513,297.520660656,2.44,-534.7016783981537,297.520660656,2.44,-663.0219566032795,151.19569597634788,4.42,-585.5169232774567,297.520660656,1.45
1996-12-30,102.65715064183613,-639.1835896050087,289.9390469147902,0.46,-626.130127470097,267.1234943799838,2.44,-976.5592771822987,297.520660656,0.46,-823.6202373909473,297.520660656,1.45,-578.4828873724337,297.520660656,1.45,-965.659166817437,297.520660656,0.46,-503.50855681059227,297.520660656,2.44,-743.3928014219493,178.7554787031144,0.46,-704.1588285104269,279.8734100791646,1.45,-670.1943844723476,78.19779302740548,4.42,-508.13063133716764,297.520660656,3.43,-424.6205437375388,247.27175914921227,4.42,-988.3329957967862,101.47098385938769,1.45,-597.157024192193,297.520660656,3.43,-560.616482715193,297.520660656,2.44,-820.050309362327,297.520660656,1.45,-665.9871551835764,79.03923888515972,4.42,-518.5426416889457,297.520660656,2.44,-609.1945608335332,297.520660656,2.44,-604.2056827771662,297.520660656,1.45,-575.9046786944721,250.68703833419448,2.44,-1001.8628498405471,297.520660656,0.46,-695.366921611557,281.6317914589386,2.44,-698.6781306947655,280.9695496422969,2.44,-585.2043414006024,297.520660656,1.45,-582.108796618159,297.520660656,3.43,-989.0588142979713,247.69707503103072,0.46,-1096.9627495987133,209.00266836115193,0.46,-538.2041623793737,297.520660656,2.44,-610.8354628073181,297.520660656,2.44,-968.6147099580452,228.29956656949244,0.46,-796.5615005384092,261.39287567356814,0.46,-718.7287852587936,297.520660656,1.45,-683.9279818441175,297.520660656,1.45,-633.4884761994513,121.95034997523459,4.42,-456.4163055596448,280.5591316179013,4.42,-815.5909034664029,110.56149411975494,1.45,-666.4180162889444,297.520660656,2.44,-678.4049334608927,285.02418908907146,0.46,-933.9470221565273,243.19461042766505,0.46,-594.5529412612858,297.520660656,2.44,-754.5082617319783,269.80352343485436,0.46,-680.2605170006731,132.77622161316907,4.42,-622.645273348274,297.520660656,3.43,-1183.9101305127542,243.91612393344582,0.46,-441.02295825372113,290.1443510181212,4.42,-837.3997288277578,185.31327580087304,0.46,-561.0247293316252,195.67591181061456,4.42,-559.2295777127952,297.520660656,1.45,-739.1265648544138,272.87986281036723,2.44,-761.3016715558548,166.20660680629393,0.46,-657.4362731300206,187.96118287399588,3.43,-879.4827245711034,208.02675457004887,1.45,-967.7718033941932,228.44005099680112,0.46,-535.729904905585,297.520660656,2.44,-744.9637832148273,271.71241913828453,0.46,-782.0402349376564,297.520660656,1.45,-1017.143975917255,59.50413213120001,0.46,-609.7433459660609,297.520660656,1.45,-636.364396387788,126.838983756154,4.42,-843.9896429986579,251.90724718151841,0.46,-824.5934793804494,297.520660656,0.46,-604.59133338928,297.520660656,1.45,-525.7846243992693,297.520660656,2.44,-706.7925098071319,297.520660656,1.45,-809.9841704667103,297.520660656,2.44,-623.2145144651006,214.17276402795198,2.44,-710.7690769212159,297.520660656,2.44,-640.8394044738519,139.34640703430594,4.42,-858.8403000393322,248.93711577338354,1.45,-788.0918818976423,263.0867994017215,0.46,-860.0390547800041,248.69736482524917,0.46,-588.7014059713235,297.520660656,1.45,-1004.9060607732063,297.520660656,1.45,-886.2362701393091,14.95762431638596,1.45,-778.125099429727,131.50068334039614,3.43,-570.6393625600806,297.520660656,3.43,-633.4860931374083,297.520660656,3.43,-510.6954881984341,297.520660656,3.43,-646.4963574982771,291.4059042815946,2.44,-965.3202072710591,228.8486503506568,0.46,-464.3729846171376,297.520660656,3.43,-700.6817348084609,129.3726853118711,2.44,-527.846600552021,297.520660656,3.43,-627.424634650852,295.2202488510796,3.43,-434.8085161892295,297.520660656,3.43,-635.1343136852126,297.520660656,2.44,-1075.9228898720025,122.99755220883291,1.45,-893.8392266209926,297.520660656,1.45,-462.8017776370923,145.81200841465127,4.42,-968.6215541561136,251.78452705940225,0.46,-664.5428815844102,287.79659946436794,1.45,-796.359167106166,297.520660656,0.46,-650.081786497775,297.520660656,3.43,-641.5702386246741,76.25739448832199,4.42,-649.5057640074202,290.804022979766,2.44,-529.9451442803969,297.520660656,2.44,-805.4998027903183,297.520660656,2.44,-745.0656380295208,252.83245008390975,2.44,-727.0609515549944,275.2929854702511,4.42,-795.8808829088238,297.520660656,1.45
1996-12-31,236.95995501914058,-802.1986527272579,297.520660656,0.46,-766.3296380575398,297.520660656,2.44,-1147.1559540457579,147.21937071428593,0.46,-994.2169142544063,59.50413213120001,1.45,-749.0795642358927,297.520660656,1.45,-1136.255843680896,297.520660656,0.46,-674.1052336740513,297.520660656,2.44,-795.2242963325227,297.520660656,0.46,-857.1082547970506,219.5230461640186,1.45,-621.4681937072121,297.520660656,4.42,-678.7273082006267,297.520660656,3.43,-544.9683190942101,297.520660656,4.42,-962.879995863633,107.52557598526363,1.45,-767.7537010556521,117.85873244511959,3.43,-731.213159578652,297.520660656,2.44,-990.646986225786,297.520660656,1.45,-618.1024102761952,297.520660656,4.42,-689.1393185524047,297.520660656,2.44,-779.7912376969922,297.520660656,2.44,-774.8023596406252,297.520660656,1.45,-699.6677332361255,297.520660656,2.44,-1172.4595267040063,59.50413213120001,0.46,-850.0747292779547,137.82238398752838,2.44,-852.7236965445214,143.9410594851595,2.44,-755.8010182640614,297.520660656,1.45,-752.705473481618,297.520660656,3.43,-1109.831905536461,297.520660656,0.46,-1179.0414341673243,98.59316704975724,0.46,-708.8008392428327,297.520660656,2.44,-781.4321396707771,297.520660656,2.44,-1069.9902927349967,297.520660656,0.46,-931.0303924194363,201.04251175842217,0.46,-889.3254621222526,297.520660656,1.45,-854.5246587075766,297.520660656,1.45,-628.5148423821449,239.69545966830253,4.42,-610.0514533850051,167.66782608520666,4.42,-799.2284137936168,297.520660656,1.45,-837.0146931524034,297.520660656,2.44,-836.5051387574232,297.520660656,0.46,-1050.2176487916513,117.66255739540186,0.46,-765.1496181247448,297.520660656,2.44,-897.3878013742917,297.520660656,0.46,-686.1127548213012,297.520660656,4.42,-793.2419502117331,297.520660656,3.43,-1300.902270653659,272.4943993848932,0.46,-604.2433254793013,150.04863518290904,4.42,-895.7890208360899,297.520660656,0.46,-629.7766573496988,130.05384821756024,4.42,-729.8262545762542,297.520660656,1.45,-885.08244387224,124.6019395193675,2.44,-800.5842945696078,297.520660656,0.46,-718.4734722114755,297.520660656,3.43,-960.5854953486113,297.520660656,1.45,-1069.2878705984533,297.520660656,0.46,-706.3265817690441,297.520660656,2.44,-889.7522185605709,297.520660656,0.46,-952.6369118011154,297.520660656,1.45,-949.724124255914,261.87908856492777,0.46,-780.34002282952,297.520660656,1.45,-636.279396351401,235.81318268367448,4.42,-968.9729063876354,297.520660656,0.46,-995.1901562439084,185.00257080230415,0.46,-775.188010252739,297.520660656,1.45,-696.3813012627284,285.37725537245433,2.44,-877.3891866705909,297.520660656,1.45,-980.5808473301694,77.68798215070093,2.44,-710.4632947005116,282.56085668489766,2.44,-881.3657537846749,118.19888804109586,2.44,-653.2618277156168,297.520660656,4.42,-980.8534320201748,297.520660656,1.45,-924.2546975068228,297.520660656,0.46,-981.8124358127122,297.520660656,0.46,-759.2980828347826,297.520660656,1.45,-1175.5027376366652,75.18399922608091,1.45,-774.2699106631541,252.97415284118597,1.45,-782.7017989775821,167.28169200747263,3.43,-741.2360394235396,297.520660656,3.43,-804.0827700008673,297.520660656,3.43,-681.2921650618931,169.0074117141839,3.43,-810.9782779873308,297.520660656,2.44,-1067.2448738291748,297.520660656,0.46,-634.9696614805966,297.520660656,3.43,-703.130436327791,297.520660656,2.44,-698.44327741548,165.5771892434665,3.43,-795.7208997093906,162.9419917635365,3.43,-605.4051930526886,297.520660656,3.43,-805.7309905486717,292.27040345276566,2.44,-1071.9964582882944,188.89372592046612,1.45,-1064.4359034844515,297.520660656,1.45,-481.68980225920257,297.520660656,4.42,-1093.482097422975,297.520660656,0.46,-825.4154972562371,297.520660656,1.45,-966.955843969625,297.520660656,0.46,-820.6784633612341,105.49033271837818,3.43,-590.9036493204551,297.520660656,4.42,-813.3858031946452,297.520660656,2.44,-700.5418211438559,297.520660656,2.44,-976.0964796537774,66.57671567804346,2.44,-870.9741043208895,297.520660656,2.44,-875.4299532327045,129.0763140409591,4.42,-966.4775597722828,297.520660656,1.45
1997-01-01,359.9157380371251,-806.7450655857183,297.520660656,0.46,-770.8760509160002,297.520660656,2.44,-1001.4010769625041,297.520660656,0.46,-760.7467985880668,297.520660656,1.45,-753.6259770943532,297.520660656,1.45,-1140.8022565393564,246.4265110604734,0.46,-678.6516465325117,297.520660656,2.44,-799.7707091909831,297.520660656,0.46,-783.6570531635297,297.520660656,1.45,-626.0146065656725,297.520660656,4.42,-683.2737210590872,183.58726713395012,3.43,-549.5147319526704,297.520660656,4.42,-777.431324051357,270.57750223911387,1.45,-592.638185703232,297.520660656,3.43,-735.7595724371124,297.520660656,2.44,-995.1933990842465,282.8287254242509,1.45,-622.6488231346557,297.520660656,4.42,-693.6857314108652,297.520660656,2.44,-784.3376505554527,297.520660656,2.44,-779.3487724990857,297.520660656,1.45,-704.2141460945859,297.520660656,2.44,-938.9894110376666,297.520660656,0.46,-694.9228654679434,297.520660656,2.44,-703.6905082321414,297.520660656,2.44,-760.3474311225218,297.520660656,1.45,-757.2518863400785,297.520660656,3.43,-1114.3783183949213,297.520660656,0.46,-984.6603534195418,228.67417556113017,0.46,-713.3472521012932,297.520660656,2.44,-785.9785525292375,297.520660656,2.44,-1074.536705593457,297.520660656,0.46,-839.0986563803189,297.520660656,0.46,-893.8718749807131,297.520660656,1.45,-859.0710715660371,297.520660656,1.45,-575.2360542529079,215.55061301026478,4.42,-484.7450316726721,297.520660656,4.42,-803.7748266520773,297.520660656,1.45,-841.5611060108638,142.74256651486218,2.44,-841.0515516158837,297.520660656,0.46,-874.9059583895136,261.82362422172463,0.46,-769.6960309832052,297.520660656,2.44,-901.9342142327521,297.520660656,0.46,-690.6591676797616,157.83905629683795,4.42,-797.7883630701936,59.50413213120001,3.43,-1280.4224222410126,284.1223607483406,0.46,-461.3177128646708,297.520660656,4.42,-900.3354336945504,297.520660656,0.46,-466.85625776971943,285.2897353658227,4.42,-734.3726674347147,297.520660656,1.45,-716.7101355940679,297.520660656,2.44,-805.1307074280683,297.520660656,0.46,-723.019885069936,297.520660656,3.43,-965.1319082070718,151.7238374018504,1.45,-1073.8342834569137,297.520660656,0.46,-710.8729946275046,297.520660656,2.44,-894.2986314190314,297.520660656,0.46,-957.1833246595759,118.41184904762277,1.45,-918.6289650233023,297.520660656,0.46,-784.8864356879803,297.520660656,1.45,-579.1183312375359,213.6094745179508,4.42,-973.5193192460958,297.520660656,0.46,-887.2184792486729,297.520660656,0.46,-779.7344231111995,297.520660656,1.45,-688.784308837643,297.520660656,2.44,-881.9355995290514,297.520660656,1.45,-765.2945816833308,297.520660656,2.44,-700.0499035878697,297.520660656,2.44,-706.5903940282312,297.520660656,2.44,-657.8082405740772,174.26451984968014,4.42,-985.3998448786351,297.520660656,1.45,-928.8011103652832,294.64999608917645,0.46,-986.3588486711726,297.520660656,0.46,-763.8444956932431,297.520660656,1.45,-957.7124890652065,297.520660656,1.45,-734.2698157068005,297.520660656,1.45,-657.0092431875152,297.520660656,3.43,-745.7824522820001,114.81836398028122,3.43,-808.6291828593278,72.7428331302162,3.43,-557.3253289785374,297.520660656,3.43,-815.5246908457912,297.520660656,2.44,-1071.7912866876352,297.520660656,0.46,-639.516074339057,297.520660656,3.43,-707.6768491862515,297.520660656,2.44,-571.0462188614069,297.520660656,3.43,-665.6886436753874,297.520660656,3.43,-609.951605911149,297.520660656,3.43,-805.0271462038978,297.520660656,2.44,-967.9159364112209,207.0627639440698,1.45,-1068.9823163429119,264.38149610958453,1.45,-486.236215117663,297.520660656,4.42,-1098.0285102814353,297.520660656,0.46,-829.9619101146975,297.520660656,1.45,-971.5022568280854,297.520660656,0.46,-633.1945482820728,297.520660656,3.43,-595.4500621789155,297.520660656,4.42,-817.9322160531055,159.32649624250388,2.44,-705.0882340023163,297.520660656,2.44,-749.6989475342812,297.520660656,2.44,-875.52051717935,147.808836017255,2.44,-711.532019476124,224.8392851700315,4.42,-971.0239726307432,297.520660656,1.45
1997-01-02,667.2468155180086,-659.2705260467927,297.520660656,0.46,-623.4015113770746,297.520660656,2.44,-853.9265374235786,187.2128827077655,0.46,-613.2722590491412,297.520660656,1.45,-606.1514375554276,297.520660656,1.45,-942.2335674049043,297.520660656,0.46,-531.1771069935861,297.520660656,2.44,-652.2961696520575,297.520660656,0.46,-636.1825136246041,297.520660656,1.45,-478.5400670267469,260.88382043118855,4.42,-421.8657879981117,297.520660656,3.43,-402.0401924137449,297.520660656,4.42,-603.0136260955453,297.520660656,1.45,-445.16364616430644,297.520660656,3.43,-588.2850328981868,297.520660656,2.44,-833.0269243135717,297.520660656,1.45,-475.1742835957301,262.00574824152744,4.42,-546.2111918719396,297.520660656,2.44,-636.8631110165271,297.520660656,2.44,-631.8742329601602,263.6487599847637,1.45,-556.7396065556603,297.520660656,2.44,-791.5148714987411,297.520660656,0.46,-547.4483259290179,297.520660656,2.44,-556.2159686932158,297.520660656,2.44,-612.8728915835962,297.520660656,1.45,-609.7773468011529,297.520660656,3.43,-966.9037788559957,123.8953016238917,0.46,-768.3393287857464,297.520660656,0.46,-565.8727125623676,297.520660656,2.44,-638.5040129903119,297.520660656,2.44,-927.0621660545315,297.520660656,0.46,-691.6241168413933,297.520660656,0.46,-746.3973354417875,297.520660656,1.45,-711.5965320271115,297.520660656,1.45,-345.79146706824713,297.520660656,4.42,-337.27049213374653,297.520660656,4.42,-656.3002871131517,297.520660656,1.45,-539.3084723308004,297.520660656,2.44,-693.5770120769581,297.520660656,0.46,-691.7343824163127,297.520660656,0.46,-622.2214914442796,297.520660656,2.44,-754.4596746938265,297.520660656,0.46,-403.50302378167396,297.520660656,4.42,-412.29729500646795,297.520660656,3.43,-1119.5495827944276,250.24043040966998,0.46,-313.8431733257452,297.520660656,4.42,-752.8608941556248,297.520660656,0.46,-307.15079294061655,297.520660656,4.42,-586.8981278957891,297.520660656,1.45,-569.2355960551423,297.520660656,2.44,-657.6561678891427,297.520660656,0.46,-575.5453455310104,194.0255450079323,3.43,-671.8605454139965,297.520660656,1.45,-926.3597439179881,297.520660656,0.46,-563.398455088579,297.520660656,2.44,-746.8240918801058,222.91369788892305,0.46,-630.5999735122731,297.520660656,1.45,-771.1544254843767,297.520660656,0.46,-637.4118961490548,297.520660656,1.45,-347.7326055605611,297.520660656,4.42,-826.0447797071703,128.4689813940256,0.46,-739.7439397097473,225.2737486123759,0.46,-632.2598835722739,297.520660656,1.45,-541.3097692987175,297.520660656,2.44,-734.4610599901258,297.520660656,1.45,-617.8200421444052,297.520660656,2.44,-552.5753640489442,297.520660656,2.44,-559.1158544893057,297.520660656,2.44,-387.07756022883177,297.520660656,4.42,-837.9253053397096,297.520660656,1.45,-778.455906259534,297.520660656,0.46,-838.884309132247,126.864040215891,0.46,-616.3699561543175,297.520660656,1.45,-810.2379495262809,297.520660656,1.45,-586.7952761678749,297.520660656,1.45,-509.5347036485896,297.520660656,3.43,-415.60561606735575,297.520660656,3.43,-436.3768157946184,297.520660656,3.43,-409.85078943961184,297.520660656,3.43,-668.0501513068656,297.520660656,2.44,-924.3167471487096,297.520660656,0.46,-492.04153480013144,297.520660656,3.43,-560.2023096473259,297.520660656,2.44,-423.5716793224814,297.520660656,3.43,-518.2141041364619,297.520660656,3.43,-462.4770663722235,297.520660656,3.43,-657.5526066649722,297.520660656,2.44,-729.9835001603651,297.520660656,1.45,-888.3686122575708,297.520660656,1.45,-338.7616755787374,297.520660656,4.42,-950.5539707425097,127.9827536522632,0.46,-682.4873705757719,244.35927165703436,1.45,-824.0277172891598,286.37621703901385,0.46,-485.7200087431472,297.520660656,3.43,-447.9755226399899,297.520660656,4.42,-532.2635121006838,297.520660656,2.44,-557.6136944633907,297.520660656,2.44,-602.2244079953556,297.520660656,2.44,-578.3341530016794,297.520660656,2.44,-491.37610445122993,297.520660656,4.42,-823.5494330918176,297.520660656,1.45
1997-01-03,338.0248718706002,-131.81578587651506,297.520660656,0.46,-95.94677120679694,297.520660656,2.44,-216.16401930506638,297.520660656,0.46,-85.81751887886355,297.520660656,1.45,-78.69669738514995,297.520660656,1.45,-414.77882723462665,150.89049360924918,0.46,-3.722366823308448,297.520660656,2.44,-124.84142948177987,297.520660656,0.46,-108.72777345432644,297.520660656,1.45,85.55151336834223,297.520660656,4.42,105.58895217216593,297.520660656,3.43,125.41454775653278,297.520660656,4.42,-75.55888592526765,297.520660656,1.45,82.29109400597122,297.520660656,3.43,-60.83029272790918,297.520660656,2.44,-305.57218414329407,205.49381515491547,1.45,87.79536898902012,297.520660656,4.42,-18.756451701661945,297.520660656,2.44,-109.40837084624945,297.520660656,2.44,-70.54759211864615,297.520660656,1.45,-29.284866385382657,297.520660656,2.44,-264.0601313284634,233.8838747654558,0.46,-19.99358575874021,297.520660656,2.44,-28.761228522938154,297.520660656,2.44,-85.41815141331858,297.520660656,1.45,-82.32260663087527,297.520660656,3.43,-265.8236796536097,177.66564430405452,0.46,-240.88458861546872,297.520660656,0.46,-38.41797239208995,297.520660656,2.44,-111.04927282003428,297.520660656,2.44,-399.60742588425387,202.03204145240431,0.46,-164.16937667111563,297.520660656,0.46,-218.94259527150984,187.5289770224482,1.45,-184.14179185683383,208.2925648326193,1.45,181.66327310203053,297.520660656,4.42,190.18424803653113,297.520660656,4.42,-128.84554694287408,297.520660656,1.45,-11.853732160522782,297.520660656,2.44,-166.12227190668045,297.520660656,0.46,-164.279642246035,297.520660656,0.46,-94.76675127400199,297.520660656,2.44,-227.00493452354885,297.520660656,0.46,123.9517163886037,297.520660656,4.42,115.15744516380971,297.520660656,3.43,-544.8146123778199,142.5369545654663,0.46,213.61156684453243,297.520660656,4.42,-225.40615398534715,297.520660656,0.46,220.30394722966116,297.520660656,4.42,-59.44338772551146,297.520660656,1.45,-41.78085588486465,297.520660656,2.44,-130.20142771886503,297.520660656,0.46,55.40451028733497,297.520660656,3.43,-144.40580524371887,297.520660656,1.45,-398.90500374771045,166.6363610554507,0.46,-35.94371491830134,297.520660656,2.44,-144.7623889427512,297.520660656,0.46,-103.14523334199544,246.66549663847331,1.45,-243.69968531409904,294.10529650310673,0.46,-109.95715597877711,297.520660656,1.45,179.72213460971653,297.520660656,4.42,-129.5383602749182,297.520660656,0.46,-140.04228749584556,297.520660656,0.46,-104.80514340199625,297.520660656,1.45,-13.85502912843981,297.520660656,2.44,-207.00631981984816,144.41342029027123,1.45,-90.36530197412753,297.520660656,2.44,-25.120623878666493,297.520660656,2.44,-31.661114319028,297.520660656,2.44,140.3771799414459,297.520660656,4.42,-310.4705651694319,297.520660656,1.45,-251.00116608925634,297.520660656,0.46,-140.77294852186037,297.520660656,0.46,-88.91521598403983,297.520660656,1.45,-282.7832093560032,247.91277764621714,1.45,-59.34053599759727,297.520660656,1.45,17.920036521688075,297.520660656,3.43,111.8491241029219,297.520660656,3.43,91.07792437565928,297.520660656,3.43,117.60395073066582,297.520660656,3.43,-140.59541113658793,297.520660656,2.44,-396.86200697843196,202.61874016312777,0.46,35.413205370146216,297.520660656,3.43,-32.74756947704827,297.520660656,2.44,103.88306084779629,297.520660656,3.43,9.240636033815804,297.520660656,3.43,64.97767379805418,297.520660656,3.43,-130.09786649469459,204.08880953069604,2.44,-202.52875999008745,297.520660656,1.45,-360.91387208729316,177.82297118291592,1.45,188.69306459154024,297.520660656,4.42,-253.56132356849523,183.79682234661175,0.46,-101.87124140652861,297.520660656,1.45,-285.42853350189597,259.53801923247903,0.46,41.73473142713044,297.520660656,3.43,79.47921753028777,297.520660656,4.42,-4.808771930406124,297.520660656,2.44,-30.158954293113084,297.520660656,2.44,-74.76966782507793,297.520660656,2.44,-50.87941283140174,297.520660656,2.44,36.078635719047725,297.520660656,4.42,-296.09469292153995,297.520660656,1.45
1997-01-04,180.7468033363663,-11.406832369863139,219.0231603059181,0.46,24.462182299854987,233.707787768605,2.44,-95.75506579841445,170.74386608635118,0.46,34.591434627788374,297.520660656,1.45,41.71225612150198,297.520660656,1.45,-147.73970668122388,142.33656755782556,0.46,116.68658668334348,297.520660656,2.44,-4.432475975127943,259.07387168112206,0.46,11.681180052325487,278.1801119370911,1.45,205.96046687499415,297.520660656,4.42,225.99790567881792,297.520660656,3.43,245.82350126318465,297.520660656,4.42,44.85006758138428,275.99754377767334,1.45,202.70004751262314,297.520660656,3.43,59.578660778742744,297.520660656,2.44,-93.13638513555759,173.36254674920804,1.45,208.20432249567205,297.520660656,4.42,101.65250180498998,297.520660656,2.44,11.000582660402472,220.24618812915247,2.44,49.861361388005776,297.520660656,1.45,91.12408712126927,297.520660656,2.44,-80.01439193126726,251.95029923084212,0.46,100.41536774791172,297.520660656,2.44,91.64772498371377,297.520660656,2.44,34.99080209333334,297.520660656,1.45,38.086346875776655,255.54803205644072,3.43,-25.55970979501228,255.4185311717846,0.46,-120.47563510881679,147.70279523856036,0.46,81.99098111456198,291.236586583312,2.44,9.35968068661765,226.8213658672817,2.44,-183.70985317400624,172.19670915518438,0.46,-43.7604231644637,222.73850872030192,0.46,11.458041868693897,297.520660656,1.45,25.49525747319882,297.520660656,1.45,302.0722266086825,297.520660656,4.42,310.5932015431831,297.520660656,4.42,-8.436593436222154,200.80901203252785,1.45,108.55522134612914,297.520660656,2.44,-45.71331840002853,297.520660656,0.46,-43.87068873938307,211.0164114803435,0.46,25.642202232649936,234.88780770139994,2.44,-106.59598101689693,162.90843038998904,0.46,244.36066989525557,297.520660656,4.42,235.5663986704617,297.520660656,3.43,-269.42195278063423,102.75306652103859,0.46,334.02052035118436,297.520660656,4.42,-104.99720047869522,151.7868001512774,0.46,340.71290073631303,297.520660656,4.42,60.96556578114047,297.520660656,1.45,78.62809762178728,297.520660656,2.44,-9.792474212213108,256.7064576725525,0.46,175.8134637939869,297.520660656,3.43,-23.996851737066947,185.24875373168305,1.45,-147.6117506405092,95.77651117972611,0.46,84.46523858835059,293.7108440571006,2.44,-24.35343543609929,251.9053536264007,0.46,68.1188841821832,297.520660656,1.45,-119.87536765455383,142.4258415633481,0.46,10.451797527874817,276.95072941264044,1.45,300.13108811636846,297.520660656,4.42,-9.129406768266279,254.37694088798372,0.46,-19.633333989193602,246.86559789557202,0.46,15.603810104655679,282.1027419894213,1.45,106.55392437821212,297.520660656,2.44,66.50987405253255,297.520660656,1.45,30.043651532524393,197.15606303154783,2.44,95.28832962798543,297.520660656,2.44,88.74783918762392,297.520660656,2.44,260.78613344809787,297.520660656,4.42,-190.06161166277997,83.71848380305501,1.45,-130.59221258260442,150.9103146071353,0.46,-20.363995015208445,243.14235264104155,0.46,31.493737522612093,281.3406613507371,1.45,-112.76637283956842,231.02861007058783,1.45,61.068417509054655,292.2158937053437,1.45,138.32899002834,297.520660656,3.43,232.25807760957377,297.520660656,3.43,211.4868778823112,297.520660656,3.43,238.0129042373178,297.520660656,3.43,-20.186457629936,197.27522755072806,2.44,-181.5511329789078,132.98075064921798,0.46,155.82215887679814,297.520660656,3.43,87.66138402960365,297.520660656,2.44,224.29201435444816,297.520660656,3.43,129.64958954046773,297.520660656,3.43,185.3866273047061,297.520660656,3.43,83.74293813726132,292.9885436060113,2.44,-82.11980648343553,192.43399600679885,1.45,-120.80722910755713,155.80280634465893,1.45,309.10201809819216,297.520660656,4.42,-19.42853175245503,261.5497092143419,0.46,18.537712100123315,294.7965011626233,1.45,-127.03693857172306,152.68795161257597,0.46,162.14368493378237,297.520660656,3.43,199.8881710369397,297.520660656,4.42,115.6001815762458,297.520660656,2.44,90.24999921353884,297.520660656,2.44,45.639285681573995,254.884891150324,2.44,69.52954067525019,278.7751461440002,2.44,156.48758922569965,297.520660656,4.42,-175.68573941488802,135.91344743122787,1.45
1997-01-05,107.01968606903506,-6.956964311118014,125.5677701859523,0.46,14.227422895913236,177.25440043497574,2.44,-43.02590352010239,94.7411223366285,0.46,-39.45619766354844,96.52597526490547,1.45,-32.33537616983483,106.30180034383704,1.45,-66.6032458743862,67.1797367267671,0.46,42.63895439200667,181.27613090567854,2.44,-40.033319291586764,205.24109477091324,0.46,-43.02590352010239,167.93543070841324,1.45,131.9128345836574,294.4753803600246,4.42,151.95027338748116,297.520660656,3.43,171.7758689718479,297.520660656,4.42,-7.674447831625855,127.85118693399914,1.45,128.65241522128633,264.17804998691133,3.43,-14.468971512594067,121.05666325303093,2.44,-43.02590352010239,77.65713033223396,1.45,134.1566902043353,296.7192359807025,4.42,27.60486951365317,166.24204602732505,2.44,14.227422895913236,149.75305766153824,2.44,-24.18627090333098,108.41693325072976,1.45,17.07645482993246,149.74186010336996,2.44,-108.49166279744614,69.99566035044316,0.46,26.367735456574906,271.6421495190749,2.44,17.60009269237696,197.53783683300196,2.44,-39.05683019800347,206.21758386449653,1.45,6.011343183999145,141.53697794962414,3.43,-57.50521260213364,137.37892856296068,0.46,-44.70540198271391,107.46699409820995,0.46,14.227422895913207,177.2544004349757,2.44,6.011343183999173,158.55111382500493,2.44,-132.43353396452738,131.24044737320506,0.46,-43.02590352010239,167.93543070841324,0.46,-62.589590422642885,86.19667512559262,1.45,-48.55237481813796,93.21528292784508,1.45,228.02459431734576,297.520660656,4.42,236.54556925184636,297.520660656,4.42,14.227422895913236,149.75305766153824,1.45,34.507589054792334,245.46892328330796,2.44,-119.76095069136531,137.57673900978608,0.46,-31.414071855063327,113.08120259785896,0.46,14.227422895913236,208.23363322306167,2.44,-46.03138304222273,117.20398926502145,0.46,170.31303760391881,297.520660656,4.42,161.51876637912494,297.520660656,3.43,-148.70199093700958,95.56321961938583,0.46,259.9728880598476,297.520660656,4.42,-33.310972265309374,99.35443300812813,0.46,266.6652684449763,297.520660656,4.42,-13.082066510196341,232.19234755230366,1.45,4.5804653304504654,167.14301110681765,2.44,-43.02590352010239,119.5366422562648,0.46,101.76583150265014,237.29146626827514,3.43,14.227422895913236,149.75305766153824,1.45,-19.91523345557208,112.66362396630292,0.46,14.227422895913207,149.7530576615382,2.44,-52.785760697836764,101.26706080210332,0.46,-5.9287481091536165,205.032586119362,1.45,-38.82818085323868,96.83998367006035,0.46,-43.02590352010239,154.08580312276132,1.45,226.0834558250317,297.520660656,4.42,-40.033319291586764,96.2374144508863,0.46,-43.02590352010239,94.7411223366285,0.46,-43.02590352010239,94.7411223366285,1.45,32.506292086875305,277.7807061493753,2.44,-7.537758238804258,125.12764703463324,1.45,56.3606168656398,191.8862516312648,2.44,21.240697336648623,153.81955475852362,2.44,14.700206896287114,162.63387694023243,2.44,186.73850115676112,297.520660656,4.42,-50.30706710117174,160.65426712734387,1.45,-58.02949882507647,152.93183540343915,0.46,-40.033319291586764,96.2374144508863,0.46,-26.373895463461764,167.63231486368667,1.45,-120.32195454549301,67.03808741343144,1.45,-7.674447831625855,155.35252970743664,1.45,64.28135773700319,199.8069925026282,3.43,158.21044531823702,297.520660656,3.43,137.43924559097445,270.10465086441195,3.43,163.96527194598104,297.520660656,3.43,6.011343183999173,141.53697794962417,2.44,-91.05885526346253,140.81957139170623,0.46,81.77452658546133,275.78073691260977,3.43,13.613751738266842,176.17629751463403,2.44,150.2443820631114,297.520660656,3.43,55.60195724913092,235.53970138975592,3.43,111.3389950133693,297.520660656,3.43,14.227422895913207,149.7530576615382,2.44,-51.08077412557114,86.82423089043463,1.45,-53.13700708755283,72.60157854850874,1.45,235.0543858068554,297.520660656,4.42,-57.50521260213367,137.37892856296065,0.46,-52.785760697836764,101.26706080210332,1.45,-56.25186181963579,112.09374987631492,0.46,88.09605264244556,223.62168740807056,3.43,125.84053874560288,261.3661735112279,4.42,41.55254928490899,174.2179545583465,2.44,16.20236692220203,210.20857724935047,2.44,14.227422895913207,149.7530576615382,2.44,14.227422895913207,149.7530576615382,2.44,82.43995693436284,210.27866390457768,4.42,-88.12615848145265,131.7849938850887,1.45
1997-01-06,72.79367989832447,-0.20696788088517337,89.84425587399764,0.46,-30.70921092287736,67.987603400866,2.44,-5.449259240545743,86.4357352662902,0.46,-3.664406312268767,130.03052471800467,1.45,-6.319409897486736,83.92917103513045,1.45,-1.465215984968168,88.78336494764902,0.46,-6.319409897486736,85.01784748776717,2.44,-112.95664744631486,61.17607918537982,0.46,-78.64356761233049,74.99554012531692,1.45,-30.24477916018202,68.21981928221368,4.42,-13.25262065233369,128.04950028359576,3.43,6.572974932033048,100.15957618935727,4.42,-3.207868149439861,128.7531609032945,1.45,-3.2078681494398325,94.92062611325548,3.43,-3.207868149439861,128.7531609032945,2.44,11.634732763848788,101.88331369646598,1.45,-30.24477916018202,68.21981928221368,4.42,-6.319409897486736,85.01784748776717,2.44,-3.207868149439861,91.0917076562242,2.44,-0.28543753787559467,89.96314339474159,1.45,-0.34763865725236087,116.89741749509139,2.44,-46.16955653170416,91.60332445631589,0.46,-112.95664744631486,70.61803768391067,2.44,-47.61997752443986,61.50334245279088,2.44,-112.95664744631486,43.353111656082945,1.45,-3.207868149439861,121.73788021320756,3.43,-62.56637454890918,56.85273273499902,0.46,-19.85462946473872,78.90018465727908,0.46,-30.70921092287736,67.987603400866,2.44,-20.22200402482062,76.37904162772641,2.44,-131.3562147215473,42.22173846437753,0.46,-78.64356761233049,74.99554012531692,0.46,-16.468498932050366,115.49253012068401,1.45,-9.449891129797905,122.51113792293647,1.45,62.82170027753091,163.95914382001138,4.42,71.34267521203151,188.58773136437526,4.42,-3.207868149439861,114.03718800290389,1.45,-78.64356761233049,114.9713108915964,2.44,-125.01992308496625,43.277787070474375,0.46,-12.17750783673715,85.95098642595816,0.46,-61.6884437109633,87.70743892902787,2.44,-30.917605691059038,94.99136194939236,0.46,5.110143564103964,122.35519971644771,4.42,-3.68412766068991,107.20513930708353,3.43,-111.94744394021028,53.15526218852044,0.46,94.76999402003275,186.10725140528666,4.42,-0.34763865725236087,94.0293297265367,0.46,101.46237440516143,192.79963179041533,4.42,-112.95664744631486,43.624149026362026,1.45,-30.24477916018205,70.86768457762382,2.44,-30.24477916018205,65.81570551268241,0.46,-3.207868149439861,88.12938923581405,3.43,-3.207868149439861,88.12938923581405,1.45,-0.26109080568986087,91.07616657956405,0.46,-3.207868149439861,91.0917076562242,2.44,-21.73505488375494,71.30824693999945,0.46,-78.64356761233049,114.9713108915964,1.45,-3.350397907113887,94.77809635558143,0.46,-64.79394002667857,60.30841661176451,1.45,60.880561785216855,162.01800532769732,4.42,-3.9529671262879305,87.38429025896598,0.46,-5.449259240545743,86.4357352662902,0.46,-5.449259240545743,95.22103383187556,1.45,-112.95664744631486,42.32171087829268,2.44,-0.34763865725236087,97.78085560544295,1.45,-3.207868149439861,112.54538960202498,2.44,-0.26109080568986087,91.07616657956405,2.44,-15.615903427760173,116.3451256249742,2.44,21.535607116946267,138.78066326929002,4.42,-78.64356761233047,82.05573096190547,1.45,-78.64356761233049,82.05573096190547,0.46,-3.9529671262879305,87.38429025896598,0.46,-61.6884437109633,59.967136674801466,1.45,-55.042275342739316,59.029243180024395,1.45,-30.70921092287736,84.12570542284641,1.45,-3.207868149439861,128.7531609032945,3.43,-6.99244872157783,111.91240601030484,3.43,-0.34763865725233245,94.22738880856798,3.43,-1.2376220938338065,116.00743405850994,3.43,-3.207868149439861,121.73788021320756,2.44,-99.56066003898363,95.3401358935744,0.46,-61.6884437109633,87.70743892902787,3.43,-30.24477916018205,102.51075861326835,2.44,-14.958511976703448,107.92937438274203,3.43,-47.61997752443986,61.50334245279088,3.43,-53.86389902644558,90.31562049053377,3.43,-3.207868149439861,88.12938923581405,2.44,-5.5872383998206345,85.75001898543327,1.45,6.579180980123567,96.82776191274075,1.45,69.85149176704056,187.0965479193843,4.42,-62.56637454890918,56.85273273499902,0.46,-21.73505488375494,71.29217104445065,1.45,-36.02784507976557,73.99754624647136,0.46,-3.207868149439861,112.54538960202498,3.43,-3.2078681494398325,84.9184822533922,4.42,-0.34763865725236087,97.78085560544295,2.44,-61.6884437109633,87.70743892902787,2.44,-3.207868149439861,94.92062611325545,2.44,-3.207868149439861,88.12938923581405,2.44,4.479059645970295,95.8163170312242,4.42,-87.59338575035622,48.95563458047735,1.45
1997-01-07,57.77483325898825,-0.05005199189942289,71.39459675077636,0.46,-8.695642560759978,77.2886991053622,2.44,-1.8838227438525479,80.69460901381592,0.46,-43.69375926729005,66.78679367516222,1.45,-0.2474091696337979,81.5128158009253,1.45,-0.2474091696337979,80.99786823515136,0.46,-1.3360856222705166,80.96847757460694,2.44,-84.13155486871129,47.80727056922649,0.46,-63.63793597466402,55.6992194456922,1.45,-8.463426679412308,86.53417105970792,4.42,-51.30094917294606,64.46795957947329,3.43,-3.585429494340829,93.88913950087647,4.42,-41.959857289750985,50.72628323615601,1.45,-8.127322499711923,77.57285913588623,3.43,-41.959857289750985,46.346724409275716,2.44,-0.2474091696337979,80.99786823515136,1.45,-8.463426679412308,86.53417105970792,4.42,-1.3360856222705166,80.96847757460694,2.44,-4.298404042680673,95.2094008279248,2.44,-0.2474091696337979,81.5128158009253,1.45,-27.24388438936036,68.98890988410523,2.44,-47.77170922503666,69.0203607588501,0.46,-93.57351336724214,35.656840393006085,2.44,-19.122148214247353,72.07544627861851,2.44,-66.30858733941442,61.46643194617961,1.45,-34.94457659966403,64.16423208591017,3.43,-29.417935520924814,81.01036670786881,0.46,-8.753642359034416,63.902798375828866,0.46,-8.695642560759978,77.2886991053622,2.44,-6.599873889563639,92.38191730326506,2.44,-83.57678142294145,51.71145035603671,0.46,-63.63793597466402,55.6992194456922,0.46,-41.959857289750985,110.38436275562988,1.45,-41.959857289750985,110.38436275562988,1.45,-11.136271779497065,78.76590977430709,4.42,-27.243884389360346,51.252048709405926,4.42,-27.24388438936036,117.0171874439917,1.45,-103.6137067409435,54.301941210493794,2.44,-78.29653839245724,52.76749896213355,0.46,-8.127322499711923,64.52911823515136,0.46,-59.39471087700778,46.59716120897071,2.44,-35.907795877468004,63.682622447008185,0.46,-27.24388438936036,55.95064693531739,4.42,-20.888095204790048,60.73393652678874,3.43,-75.10153436574733,59.707842540913035,0.46,-1.3360856222705024,80.96847757460694,4.42,-4.375796620805673,69.38399145842936,0.46,-1.3360856222705024,80.96847757460694,4.42,-66.57962470969349,61.41222447212381,1.45,-11.111291974822478,76.08087439833095,2.44,-6.059312909881072,66.86789503689627,0.46,-1.3360856222705166,71.59112232450683,3.43,-1.3360856222705166,90.09784158827881,1.45,-1.3360856222705166,71.32035511259276,0.46,-4.298404042680673,95.2094008279248,2.44,-3.042130060771001,80.11545535535669,0.46,-103.6137067409435,54.301941210493794,1.45,-8.127322499711923,77.57285913588623,0.46,-35.10118487545969,78.13126181031703,1.45,-11.136271779497065,85.21243959129191,4.42,-1.3360856222705166,71.59112232450683,0.46,-1.8838227438525479,80.69460901381592,0.46,-10.669121309437912,67.28621656221861,1.45,-65.27718656162415,56.35066009978455,2.44,-8.127322499711923,66.73554071547608,1.45,-25.752085988481454,59.11260626555827,2.44,-1.3360856222705166,71.32035511259276,2.44,-41.959857289750985,57.325081764706056,2.44,-27.24388438936036,55.95064693531739,4.42,-70.69812681125255,64.2836445142053,1.45,-70.69812681125256,60.58852405181199,0.46,-1.3360856222705166,71.59112232450683,0.46,-31.654408622781375,55.83225508307419,1.45,-24.07034675978032,73.76226619530516,1.45,-24.83374458274038,56.754026870857366,1.45,-41.959857289750985,50.72628323615601,3.43,-28.903682968899275,56.79074155921992,3.43,-4.573855702836923,79.34959253432373,3.43,-27.24388438936036,51.252048709405926,3.43,-34.94457659966403,64.16423208591017,2.44,-104.89962416957464,47.446881806710074,0.46,-59.39471087700778,46.59716120897071,3.43,-42.75436601046701,110.1195265153912,2.44,-32.886714596462085,49.37110530703868,3.43,-19.122148214247353,72.07544627861851,3.43,-54.178347753995965,47.90125198972366,3.43,-1.3360856222705166,71.32035511259276,2.44,-1.3360856222705166,71.70430439237792,1.45,-0.2474091696337979,80.99786823515136,1.45,-27.243884389360346,117.0171874439917,4.42,-29.417935520924814,81.01036670786881,0.46,-3.026054165222206,80.12349330313108,1.45,-20.02421956325354,71.62441060411541,0.46,-25.752085988481454,59.11260626555827,3.43,1.8748213601513584,82.57393106581787,4.42,-8.127322499711923,77.57285913588623,2.44,-59.39471087700778,46.59716120897071,2.44,-8.127322499711923,77.57285913588623,2.44,-1.3360856222705166,90.09784158827881,2.44,-1.3360856222705166,80.96847757460694,4.42,-46.54784856785018,58.32681324324893,1.45
1997-01-08,49.10009274334851,-0.012586247925966632,60.71447597741583,0.46,-14.552279171372362,52.78518204220351,2.44,-11.146369262918654,107.29017291248599,0.46,-39.04849044770245,52.03153007512251,1.45,-10.328162475809279,59.197558308844826,1.45,-9.813214910035342,64.28766654610584,0.46,-10.872500702127638,60.12832484424868,2.44,-60.506762943187965,45.875637157456154,0.46,-47.905092925606404,50.555429662138515,1.45,-23.56553524437041,54.93100769891716,4.42,-44.336846257669535,58.98924424612949,3.43,-26.042506500467482,53.89830411982838,4.42,-21.254078031157178,102.23631852836672,1.45,-14.268119140848341,57.25536172479768,3.43,-16.874519204276886,55.957421644664784,2.44,-9.813214910035342,58.52979099352988,1.45,-23.56553524437041,54.93100769891716,4.42,-10.872500702127638,60.12832484424868,2.44,-28.075742375855654,53.246670443481314,2.44,-10.328162475809279,53.72554812610903,1.45,-24.80073177871577,50.70167857399008,2.44,-45.36000748913695,51.252194805894504,0.46,-57.79829126549841,59.48915891055954,2.44,-19.765531998116053,63.29243483729776,2.44,-56.34295679084421,54.272145547880136,1.45,-27.67674619082439,50.91025818228179,3.43,-38.99623973404381,51.24963925472147,0.46,-1.2243782401134666,112.25116842388857,0.46,-14.552279171372362,52.78518204220351,2.44,-27.54972869807888,55.555781524723365,2.44,-63.85616928422834,53.15830359276648,0.46,-47.905092925606404,50.96940753517568,0.46,-80.91215755063105,53.98138611441878,1.45,-80.91215755063105,51.1397472197516,1.45,-18.47011905905434,49.775580227385525,4.42,-7.063870604016458,59.44623909553618,4.42,-72.82900933860225,84.151825174893,1.45,-86.48358545668748,50.006761912568756,2.44,-59.63197485984097,53.76175993910754,0.46,-1.2243782401134666,112.25116842388857,0.46,-34.55980959122868,44.09621550990767,2.44,-28.158355829726375,63.91835779070322,0.46,-11.762468829927933,106.98212312898134,4.42,-10.189969236828972,58.40420621793201,3.43,-63.37731441191055,38.627594978946014,0.46,-10.872500702127624,73.69445486427863,4.42,-2.327725584485222,61.02495410204659,0.46,-10.872500702127624,55.548170425303375,4.42,-56.559786687067486,54.236007231842926,1.45,-15.760103878403612,56.88236554040886,2.44,-1.4951454520275291,62.14189731677207,0.46,-1.4951454520275291,60.578424799437315,3.43,-20.001864715799513,52.64074093620485,1.45,-1.2243782401134666,72.53554355700645,0.46,-28.075742375855654,52.61886243373093,2.44,-11.725522921377873,53.026867903324735,0.46,-86.48358545668748,50.006761912568756,1.45,-14.268119140848341,56.391821655236214,0.46,-41.8003841910269,51.572881117901765,1.45,-24.91664887603916,47.753949479471316,4.42,-1.4951454520275291,60.578424799437315,0.46,-11.146369262918654,107.29017291248599,0.46,-6.52327537690671,118.59044361037476,1.45,-50.19578416665888,54.85880302137716,2.44,-3.430800720438185,60.65726239006227,1.45,-13.43262975928991,106.14704266430036,2.44,-1.2243782401134666,68.07810648977632,2.44,-27.852876559707227,99.14386943452467,2.44,-11.762468829927933,106.98212312898134,4.42,-63.54970883070804,87.24492534419107,1.45,-59.85458836831474,88.47663216498883,0.46,-1.4951454520275291,60.578424799437315,0.46,-16.054601211105748,56.5308769481861,1.45,-26.400550460335666,61.14593971262036,1.45,-10.155708958847931,107.78550306452135,1.45,-21.254078031157178,102.23631852836672,3.43,-14.262362033369378,72.43756043159907,3.43,-12.491385742410841,59.48555131018413,3.43,-7.063870604016472,59.44623909553618,3.43,-27.67674619082439,52.668736956859846,2.44,-80.9144434815349,48.49928288129512,0.46,-34.55980959122868,44.09621550990767,3.43,-81.4418300311084,53.90571861720773,2.44,-10.825757408750952,58.19227682729135,3.43,-19.765531998116053,55.881008510480754,3.43,-30.64753724896981,45.180648797869445,3.43,-1.2243782401134666,72.57901876568545,2.44,-1.6083275198986229,61.264753456908785,1.45,-9.813214910035342,58.52979099352988,1.45,-72.82900933860223,76.44885287464419,4.42,-38.99623973404381,51.24963925472147,0.46,-11.717484973603476,53.030886877211934,1.45,-20.216567672619135,66.57144944005762,0.46,-13.43262975928991,106.14704266430036,3.43,-9.2670472109167,57.4612111103585,4.42,-14.268119140848341,57.25536172479768,2.44,-34.55980959122868,44.09621550990767,2.44,-14.268119140848341,57.04482291659222,2.44,-20.001864715799513,52.64074093620485,2.44,-10.872500702127638,55.54817042530337,4.42,-33.442599316349295,60.69557437501139,1.45
1997-01-09,42.9892726566144,-0.020337592861167764,53.16152046988297,0.46,-6.630736581095242,53.75556969920523,2.44,-57.72981754292401,40.38348052344495,0.46,-30.37329589034433,47.79060791150511,1.45,-8.818996152173476,52.87009820643697,1.45,-13.394156823660552,53.347781058779816,0.46,-10.29410091389569,50.1778300094957,2.44,-45.67567546816349,54.16764424331069,0.46,-37.75379795526429,41.41407431489486,1.45,-17.789818310806943,50.526178234798266,4.42,-42.619365871318394,47.62028309696777,3.43,-19.234085987815234,49.310848818061956,4.42,-62.78367192704327,44.50517467741286,1.45,-10.816756233165393,47.53875399401301,3.43,-12.125216216461041,47.79935325651557,2.44,-7.6362812710845915,55.27462517256318,1.45,-17.789818310806943,50.526178234798266,4.42,-10.29410091389569,50.1778300094957,2.44,-20.61568818685634,51.38069218695623,2.44,-3.3469859694376822,50.46535762797443,1.45,-14.795685720225222,52.95001960998276,2.44,-35.90547766255082,47.3654829506888,0.46,-56.58072554357732,40.28410513542516,2.44,-22.351242202933186,46.15878291314988,2.44,-49.90837770624372,44.59675065971072,1.45,-17.880279740625546,47.649103733919084,3.43,-29.539154356284655,62.75347885213111,0.46,-52.76882203152141,46.74618611542124,0.46,-6.630736581095242,53.75556969920523,2.44,-22.398785590321616,51.20495786674909,2.44,-56.307748244514194,35.97509201278145,0.46,-38.16777582830145,41.31057984663558,0.46,-74.1868190325692,34.106407444286994,1.45,-71.34518013790202,34.43795337545383,1.45,-7.538974653959237,53.38940625822546,4.42,-5.803385067072007,54.65452084537024,4.42,-96.27410988101462,32.09038742736515,1.45,-75.78362273677561,43.56878376068625,2.44,-52.687010166467886,36.492340309645215,0.46,-52.76882203152141,45.92870707026727,0.46,-17.94930046865572,44.3474611637684,2.44,-31.369988987948965,49.64329346217583,0.46,-58.037867326428646,36.65583884403272,4.42,-7.88745082228035,65.56435403026975,3.43,-41.29818475837593,40.527977614116956,0.46,-23.86023093392562,44.70633210911332,4.42,-2.6459550540511856,55.835916058179485,0.46,-5.71394649495037,51.70454814914415,4.42,-50.08906928642978,57.38519671246612,1.45,-11.935744786331846,75.10055564638486,2.44,-2.9303181363189665,57.62760673994599,0.46,-1.3668456189842146,54.30687260066414,3.43,-11.935881019523734,51.83113658398688,1.45,-13.053197164639286,65.58806299950189,0.46,-19.987880177105957,51.48532685524796,2.44,-4.045666192221979,50.109674228107764,0.46,-75.78362273677561,46.08864212085369,1.45,-9.953216163603926,51.95597467614003,0.46,-32.66654067644804,40.11247553623607,1.45,-11.963873723029849,51.78837876224526,4.42,-1.3668456189842146,54.30687260066414,0.46,-57.72981754292401,40.38348052344495,0.46,-64.40699435480084,44.08214115896548,1.45,-44.347862555555416,57.29031615986694,2.44,-3.3813384780198277,57.402096569095555,1.45,-58.87294779110964,46.06794991991143,2.44,-8.595760097409155,60.54524875008237,2.44,-66.29002136175127,43.76830332447375,2.44,-58.037867326428646,36.65583884403272,4.42,-90.08790954241849,31.834823085737092,1.45,-87.62449590082294,32.186739320250744,0.46,-1.3668456189842146,54.30687260066414,0.46,-11.878753526811217,47.0077553471901,1.45,-26.839765540475398,44.66260846730247,1.45,-57.23448739088865,36.78973549995606,1.45,-62.78367192704327,44.361378863938015,3.43,-25.993197832487816,48.08816982739787,3.43,-11.27021242011434,53.831387935010476,3.43,-5.803385067072021,54.65452084537024,3.43,-19.638758515203605,47.062944142393064,2.44,-68.70700173034939,34.24730288429227,0.46,-17.94930046865572,44.3474611637684,3.43,-74.6408240158355,37.5960278261418,2.44,-8.311309603561675,53.72762051300548,3.43,-14.939815876116178,48.629258355422216,3.43,-15.121461414358627,45.29007418186743,3.43,-13.096672373318285,49.24363952302151,2.44,-2.166356344326779,56.93832527632294,1.45,-7.6362812710845915,55.27462517256318,1.45,-88.5711375807658,31.52360691919442,4.42,-29.539154356284655,62.75347885213111,0.46,-4.041647218334781,50.111683715051356,1.45,-26.081292480196126,41.636797159921606,0.46,-58.87294779110964,45.6826181288945,3.43,-6.02153368879457,51.60201908452942,4.42,-10.816756233165393,52.20417817943966,2.44,-17.94930046865572,44.3474611637684,2.44,-10.60621742495993,47.644023398115735,2.44,-11.935881019523734,51.83113658398688,2.44,-5.7139464949503775,51.70454814914414,4.42,-33.431449058880055,42.494661538990925,1.45
1997-01-10,38.35820565185107,-0.030472973573303364,49.741197087408295,0.46,-7.2349211911296365,44.367162359757444,2.44,-44.961912977198125,43.300086247976246,0.46,-25.012518712678606,49.67836783949553,1.45,-8.53770926943961,45.95886439611208,1.45,-13.59055279326953,46.03774083000293,0.46,-7.320545834220553,43.56008307043855,2.44,-46.69193462230334,35.74782619108998,0.46,-26.016487180988314,36.967195496012685,1.45,-15.164611456434372,40.895802935745834,4.42,-37.088263879115324,36.68031222995433,3.43,-15.393549716706353,39.93857994469163,4.42,-54.137461515285295,32.51008676176728,1.45,-5.204125138007562,46.62558122239849,3.43,-6.773184383805777,44.31018874218193,2.44,-9.75952135447693,47.21964522559102,1.45,-15.164611456434372,40.895802935745834,4.42,-7.320545834220553,43.56008307043855,2.44,-18.844995284641733,51.7427184500413,2.44,-0.6609585082412721,49.97213305056687,1.45,-14.594320241037146,43.033043562232415,2.44,-30.119575524068786,48.65695647721749,0.46,-43.71344558983164,35.93781744782539,2.44,-15.358640026912227,44.4175802886821,2.44,-41.353743276783604,34.33633222441038,1.45,-12.377998385373793,53.898384083130615,3.43,-39.14124811924493,43.946826787748826,0.46,-46.36362305777181,37.83141479310574,0.46,-7.2349211911296365,44.367162359757444,2.44,-20.45235836789987,38.55113343303077,2.44,-39.13145516812481,44.59735219409857,0.46,-26.32697058576619,36.88957464481822,0.46,-55.14184138768536,35.220638346681106,1.45,-52.63174842418501,35.264022153911874,1.45,-7.776995823013863,45.720671094840725,4.42,-7.306520823271413,44.1219852548682,4.42,-75.21311221920894,31.0068879250293,1.45,-66.20102140829103,33.71270343968628,2.44,-36.02796538694226,42.821035881808,0.46,-45.546144012617845,37.9676613006314,0.46,-9.145376543253285,47.42436016266557,2.44,-27.86189736095396,48.91663244076737,0.46,-41.54232108129053,51.909787219322425,4.42,-20.300419763379267,38.60177963453764,3.43,-28.67477728332205,39.25685067738903,0.46,-15.415177953868103,62.45577161876908,4.42,-5.330486023059834,44.2310506286068,0.46,-4.267109554923685,44.76273886267488,4.42,-54.322880909725065,47.64960060984425,1.45,-33.88491534354587,41.65994819144027,2.44,-7.406539787094118,44.982732180343625,0.46,-2.52233313047752,50.40447521942921,3.43,-10.61563251433978,46.41884483891128,1.45,-25.489875074970335,43.06291025957773,0.46,-18.32182194318308,51.917109563860855,2.44,-1.003955331158906,49.80063463910805,0.46,-68.72087976845847,33.58603885420884,1.45,-8.75780575057312,45.2302661310611,0.46,-19.627631123513268,44.036162228112374,1.45,-10.60086739610427,44.36419451054337,4.42,-2.52233313047752,50.40447521942921,0.46,-44.961912977198125,40.19562162614125,0.46,-55.337750424595484,32.13503415390824,1.45,-48.48679362625152,46.65686794489533,2.44,-7.632049957944545,43.080268661164446,1.45,-51.78951262185023,32.845508032258,2.44,-15.98962375832069,45.06644702847643,2.44,-56.90693959705418,33.5702382572618,2.44,-41.54232108129053,51.909787219322425,4.42,-68.77134753898474,40.654593518888845,1.45,-66.65985013190284,30.72117410225049,0.46,-2.52233313047752,50.40447521942921,0.46,-5.735123784830478,44.02873174772148,1.45,-18.35098891860703,42.55925594417637,1.45,-40.872837801673874,34.40503300656891,1.45,-53.99366570181045,32.530629020835114,3.43,-20.92998257071485,42.506145209489844,3.43,-11.950215265953979,48.03319979942433,3.43,-7.306520823271427,44.12198525486819,3.43,-13.550317568425832,53.50761102211326,2.44,-49.80291952547082,33.12930704602649,0.46,-9.145376543253285,47.42436016266557,3.43,-59.08546675280647,31.803228870692827,2.44,-8.887545027396321,43.3888796441882,3.43,-10.417689142367557,45.65281800981827,3.43,-7.260150507055222,48.05276884139826,3.43,-9.188926807168954,52.843086220597456,2.44,-5.953296531478884,44.89294630823517,1.45,-9.75952135447693,47.21964522559102,1.45,-66.94335941078938,30.54535928964319,4.42,-39.14124811924493,42.43187554027016,0.46,-1.0019458442152995,49.80163938257985,1.45,-14.566704550946895,42.5960105923927,0.46,-51.4041808308333,32.900555430974705,3.43,-4.472167684153149,56.533660983537494,4.42,-9.869549323434214,44.91244107838651,2.44,-9.145376543253285,47.42436016266557,2.44,-5.098855733904827,46.488039255108845,2.44,-10.61563251433978,45.024178794983605,2.44,-4.267109554923678,44.76273886267488,4.42,-22.774725508700143,43.24462801047587,1.45
1997-01-11,34.61482636393997,-2.346076792251253,85.44582444968113,0.46,-4.176490282156735,41.777453271833174,2.44,-40.836405956444025,39.888762091137856,0.46,-27.26529328344379,45.10577834924374,1.45,-7.070980396821341,60.076635198317845,1.45,-12.202700354542117,42.06846553636447,0.46,-3.455035635928759,43.097485116024366,2.44,-35.014167544662975,31.815728545616068,0.46,-15.558089408270654,43.66556187644796,1.45,-8.63482112344986,41.37655396596371,4.42,-26.34298284033931,36.08287372989788,3.43,-7.90653639266764,39.55285057808024,4.42,-39.22195500832223,33.918277657651124,1.45,-4.404113091675704,41.304062228576214,3.43,-3.65777985725736,42.64141713091421,2.44,-9.553573311337608,42.746068417705175,1.45,-8.63482112344986,41.37655396596371,4.42,-3.455035635928759,44.539216418056526,2.44,-23.16212046595269,33.84732888067455,2.44,-3.207498290077794,46.75320965599617,1.45,-10.201770534539214,40.47390276431442,2.44,-31.35093873255593,44.42483744105838,0.46,-32.225669768926686,34.79281331257557,2.44,-12.350627046863984,37.68279167611044,2.44,-28.264482232463635,44.939246857740436,1.45,-18.850789199774063,34.57032067567019,3.43,-35.66248163826341,34.36321182890848,0.46,-36.76944458214721,35.8848207597463,0.46,-4.176490282156735,41.777453271833174,2.44,-11.577898532200294,37.94036784766501,2.44,-36.30321409349303,43.32513963102939,0.46,-15.790951961854063,43.60734623805211,0.46,-42.93688646563612,33.45391122548689,1.45,-40.47017730936654,33.29332439394637,1.45,-6.072073649124242,38.283016825340226,4.42,-4.002912809409267,41.50466236970943,4.42,-58.79440687550789,32.57700105286576,1.45,-52.48813157924696,32.181505058991505,2.44,-31.42340800001992,43.22360814403799,0.46,-36.0882120445189,35.99835951601768,0.46,-9.14414343718851,38.22235827484341,2.44,-29.352936532990988,50.02099584642488,0.46,-46.02651503188261,33.06770765470608,4.42,-11.476606129186564,44.685932696218984,3.43,-20.506034691980737,37.36735729380169,0.46,-30.445356303906834,35.008669864062405,4.42,-2.13594338293629,48.415053755053364,0.46,-1.6042551488682193,44.948265603084906,4.42,-54.54688825083897,31.600174173300882,1.45,-28.119270266255796,34.898125976131844,2.44,-4.9636786987073975,41.024279425060364,0.46,-5.501215081176383,41.335878338826625,3.43,-9.608884084520717,38.06744472573268,1.45,-21.127192065817717,44.35620157186018,0.46,-22.81333823831359,33.90545925194774,2.44,-3.3789967015366074,46.71033505313147,0.46,-54.881325353936965,31.839620234035788,1.45,-6.562478612903874,40.702143872259,0.46,-16.238200082895297,40.45795013266849,1.45,-7.539468637917295,37.549319330943696,4.42,-5.501215081176383,41.335878338826625,0.46,-37.731941334609026,39.9538144925977,0.46,-40.047191309773375,35.33852963847527,1.45,-47.718068302416505,32.387338019815125,2.44,-3.2867253503786458,41.86275609922474,1.45,-37.209427385377886,31.50611106077035,2.44,-13.630477518066776,40.71532990673823,2.44,-43.05158458558564,32.40940692291021,2.44,-46.02651503188261,33.06770765470608,4.42,-62.00034778914324,32.03454479882078,1.45,-49.95543096542299,32.07879829679225,0.46,-5.501215081176383,41.335878338826625,0.46,-2.338262263821612,54.59113803312826,1.45,-13.484651594053055,41.74797772648674,1.45,-27.852277539512436,35.33948734125235,1.45,-39.09870145391522,33.933684351952,3.43,-16.010534511474347,36.46282252124032,3.43,-12.557821796647964,41.454367550493565,3.43,-4.002912809409274,41.50466236970942,3.43,-19.632335321808746,34.435626404698546,2.44,-35.506633302766964,42.45166748028823,0.46,-9.14414343718851,38.22235827484341,3.43,-43.46310235476895,36.648577279396854,2.44,-4.850831402854176,41.08070307298698,3.43,-8.64491388345548,39.183661832686326,3.43,-7.887326079723138,38.641297393998535,3.43,-14.606419759036065,39.98746543784122,2.44,-3.4206495709837057,49.31254977330326,1.45,-9.553573311337608,42.746068417705175,1.45,-50.06312543170223,31.894289039054797,4.42,-34.147530390784745,34.55258073484331,0.46,-3.377991958064804,46.710586238999426,1.45,-9.737121874609251,38.63755783710944,0.46,-36.87914299307766,31.561158459487057,3.43,-13.580235398960298,44.16002537877555,4.42,-7.3563971330903755,45.71598494524303,2.44,-9.14414343718851,38.22235827484341,2.44,-4.161301720283326,41.4254679142724,2.44,-8.214218040593039,38.532333407041904,2.44,-1.6042551488682122,44.94826560308491,4.42,-18.59376025044567,36.559036970360445,1.45
1997-01-12,31.534553312019714,-44.99457409102796,51.004265735428454,0.46,-3.1566164030854864,42.67290645571103,2.44,-37.92784089667746,41.32990572966819,0.46,-29.57374448178311,30.529297124151192,1.45,-24.350288444234764,39.94576124228548,1.45,-11.473838740002165,40.54161645635688,0.46,-3.7551936010487026,60.60359674195612,2.44,-24.03256893937462,38.747509682767905,0.46,-16.42632413381419,39.8972133561627,1.45,-7.214047938509147,88.44984671481117,4.42,-19.628529419332764,31.847990783594543,3.43,-4.662059819843456,51.450165739619216,4.42,-30.342905515068935,34.87072416199295,1.45,-2.9108481693474957,42.682364099020546,3.43,-3.501869837267151,92.16202481605316,2.44,-9.50231457813836,41.03449749682283,1.45,-7.214047938509147,88.44984671481117,4.42,-5.196924903080863,59.88273109094004,2.44,-14.21212219572282,42.060410094880844,2.44,-7.1633807951695445,42.24893972098455,1.45,-7.878346147949209,35.066620925130216,2.44,-32.97844902270989,29.848356215965833,0.46,-24.22115593059783,44.65734607686209,2.44,-7.236091572070002,59.248589329121124,2.44,-30.40640193929965,30.362765632647882,1.45,-10.62378272453983,38.305223923842036,3.43,-27.22836631626747,44.47329127238478,0.46,-29.856938190989084,37.31142603229609,0.46,-3.1566164030854864,42.775844525937615,2.44,-6.72093922896088,52.91914501620183,2.44,-36.831026573618,29.07784070578421,0.46,-16.60097104900175,41.75374478036265,0.46,-33.59347054021859,36.47749729820628,1.45,-30.96617455240849,37.0029564957683,1.45,-1.5577633235600459,53.283911164477495,4.42,-2.7102480282142736,42.22082105114212,4.42,-48.57408077746923,50.572100611139156,1.45,-41.87230948733404,28.4088217266809,2.44,-31.849688993153485,30.07410822187712,0.46,-29.289244409632154,37.40604166252225,0.46,-4.569174561127497,91.09472009219282,2.44,-36.57660522851145,72.70590006380347,0.46,-36.29689553568427,72.79913662807921,4.42,-13.365211674501126,45.21117010269084,3.43,-15.076064834878004,58.46459200284032,0.46,-22.656699017064817,46.856006236959495,4.42,-7.753669987085232,40.941399850785274,0.46,-3.7551936010487026,37.60813724001575,4.42,-43.349735273235424,33.957336077788256,1.45,-20.220069091483218,80.12653771988339,2.44,-3.190630972863339,53.13546865090447,0.46,-4.039766269098585,54.3248777602261,3.43,-4.8790016593489725,41.920209061220234,1.45,-22.686066486773477,57.65447287541646,0.46,-13.921470339356908,40.6284278212191,2.44,-7.292004603763658,42.78807438538911,0.46,-43.92361843706833,34.98557592511026,1.45,-4.467295334258452,59.47245166858934,0.46,-13.898823064659368,49.39534936244571,1.45,-2.291460817956569,53.70982211282654,4.42,-4.039766269098585,56.7750890308158,0.46,-34.888428676302304,37.49601226513308,0.46,-32.588393797344224,59.17290118420569,1.45,-37.30807917132721,33.64381366489853,2.44,-2.352154298698963,42.82203756668268,1.45,-25.918211295243815,38.012549147201234,2.44,-11.548480273900587,43.988721168834566,2.44,-32.66366435759142,38.8570253821332,2.44,-36.29689553568427,72.79913662807921,4.42,-51.2375654370596,30.36289965753293,1.45,-39.23690211131082,35.53461045133752,0.46,-4.039766269098585,56.7750890308158,0.46,-14.13207314604545,39.03696811498201,1.45,-12.43530216963537,55.725647043248706,1.45,-20.394437729860364,39.55781068409537,1.45,-30.2350586549628,33.00352171321242,3.43,-9.676029881810244,51.506745953870265,3.43,-11.214862196237107,41.01508612737907,3.43,-2.7102480282142736,42.22082105114212,3.43,-11.27063457560287,38.68252993889692,2.44,-35.16097363215077,56.456101123113044,0.46,-4.569174561127497,91.09472009219282,3.43,-37.31435248326138,46.63496342836829,2.44,-3.1342073249367317,42.0959246482939,3.43,-5.031248565237384,56.65115374379845,3.43,-3.7312963228172507,91.93259833050305,3.43,-11.796558045972866,40.46093662986421,2.44,-9.935872193382544,52.481847152585,1.45,-9.50231457813836,41.03449749682283,1.45,-39.16008731985261,39.39343340668661,4.42,-25.902783974723633,44.59379875797967,0.46,-7.2912510461598075,41.26451590404929,1.45,-5.577352560814269,117.62447069224912,0.46,-25.642974301660292,38.06759654591794,3.43,-14.942933626831426,40.054931453384356,4.42,-10.275054927428982,85.38883972589133,2.44,-4.569174561127497,91.09472009219282,2.44,-2.7894424836513068,41.94818533855983,2.44,-3.9492242967305202,41.616558917431355,2.44,-3.7551936010487026,37.60813724001575,4.42,-12.355470069901692,58.59598780907342,1.45
1997-01-13,28.902315035543452,-57.009922751948544,58.34764664082077,0.46,-6.840605784288648,40.3052446720919,2.44,-40.26882955183778,25.900061014542786,0.46,-21.114124531426434,35.841361324840385,1.45,-25.307132612012374,38.65681285114518,1.45,-13.026538121851175,35.63762328742426,0.46,-25.369873268496953,30.624111120131623,2.44,-23.79116154763466,27.547827814963096,0.46,-17.334620415469026,31.020622857001918,1.45,-56.67497757881245,19.117017115392585,4.42,-12.48760312841944,51.201831370360594,3.43,-17.123308484954805,48.88397869209291,4.42,-26.22471260255402,37.13623615234126,1.45,-6.604295193860175,31.804732591058194,3.43,-56.674977578812445,32.175791428473225,2.44,-11.547895000453323,37.06216068681118,1.45,-56.67497757881245,19.117017115392585,4.42,-26.090738919513036,31.325885591965584,2.44,-17.283615216095797,43.783186329952926,2.44,-10.42340344164623,29.895178467165167,1.45,-3.956049998571558,41.20533488194891,2.44,-23.837888164167854,35.387400719383486,0.46,-29.889584932952054,22.006988878160865,2.44,-27.49576382668326,42.393872237048996,2.44,-21.780250497439663,47.09615836283262,1.45,-9.940089573873998,39.7093249881233,3.43,-32.71274051414438,45.62771578922701,0.46,-28.179447148777307,36.177863601031746,0.46,-6.943543854515234,40.45846141796299,2.44,-20.651167170654844,47.47251947176088,2.44,-26.91995020489434,28.12504711840356,0.46,-19.365798754856534,32.045910327151354,0.46,-31.082050763917003,23.016008670458785,1.45,-28.980213973668924,23.436376028508402,1.45,-15.852757413529673,38.052206764781644,4.42,-5.9421520048485235,32.13580418556402,4.42,-60.157264314100516,51.872926921374386,1.45,-31.292214139507077,45.7114781458917,2.44,-22.934880140522736,24.64544279513764,0.46,-27.706368997646535,34.50804494570475,0.46,-56.674977578812445,41.98140185185512,2.44,-70.29358821780704,32.05929998087285,0.46,-70.10711508925561,21.955423134629125,4.42,-19.587464702684102,36.91741933903819,3.43,-34.551739763210456,26.560740940671145,0.46,-30.523788179516444,34.10255436023649,4.42,-9.706152763362638,30.029961185457353,0.46,-2.374413766556586,41.65232045183791,4.42,-38.31815427651581,21.416072621666945,1.45,-61.35768973685874,40.51381671448893,2.44,-17.337182549259943,48.77704165994034,0.46,-19.37572695481682,35.39230456020851,3.43,-7.810293646061339,34.836045220354805,1.45,-41.35162228768207,33.06229272996359,0.46,-15.56098108606814,50.853698150054214,2.44,-11.0911619146449,29.56129923066583,0.46,-39.92027728767072,53.71265301468618,1.45,-24.950829928339928,37.34854993137694,0.46,-24.305255352597207,37.456145694000725,1.45,-17.01236585627524,37.76230465409525,4.42,-21.825938225406517,35.72272570917704,0.46,-33.39552386692752,22.644520989069683,0.46,-52.77237790704205,27.33322077998715,1.45,-31.96297576171787,20.85865371887229,2.44,-6.185274790873777,40.64802868387335,1.45,-24.94184336793718,24.760150348811603,2.44,-16.548284368227286,39.81598003878675,2.44,-32.53177266521676,3.8801168677328435,2.44,-70.10711508925561,22.293127602402564,4.42,-42.61154802008467,32.203091137911336,1.45,-35.78259548814047,33.3512961732902,0.46,-21.825938225406517,35.72272570917704,0.46,-14.180124186519592,38.47036507153416,1.45,-29.17203213837621,23.398012395566944,1.45,-20.96333133944787,28.78679235027449,1.45,-24.249663293667354,37.4654110371557,3.43,-22.193858761172642,37.91757780005847,3.43,-13.24103124910831,30.408164123758077,3.43,-5.9421520048485235,32.13580418556402,3.43,-10.964247439991922,39.67964701276827,2.44,-52.62815768075595,51.64406108264434,0.46,-56.674977578812445,30.776276911535163,3.43,-44.9603988371218,39.06468266473036,2.44,-6.241214898722767,31.986272738626898,3.43,-22.69348523452797,44.79501153312664,3.43,-56.67497757881244,30.366670160337062,3.43,-13.268577601329206,35.14873068306904,2.44,-23.428802271459674,37.510406518448924,1.45,-11.547895000453323,34.01813617833505,1.45,-39.56460365203135,40.878871333111945,4.42,-31.507665658195435,45.68454670605565,0.46,-9.56684987570123,30.323455250137666,1.45,-84.21290617855553,27.378044098941324,0.46,-24.72165377307036,24.81519774752831,3.43,-16.008948005707914,35.61065915450733,4.42,-56.674977578812445,33.11783430658334,2.44,-56.674977578812445,32.772214540939245,2.44,-5.748710747703271,32.232524814136646,2.44,-6.576866139654008,35.66181346421556,2.44,-2.374413766556586,41.65232045183791,4.42,-31.962540804467245,40.89774733791509,1.45
1997-01-14,26.632285344407364,-79.62311794732621,40.14769718119987,0.46,-11.411399010937444,46.45359080825198,2.44,-30.434439120937462,36.31242641494792,0.46,-21.221034410823712,35.411181866587974,1.45,-28.22949401771445,42.522482474310884,1.45,-12.92970996383233,33.42640766572614,0.46,-20.25953294318547,36.77808761386412,2.44,-15.604537917154648,36.670344548128284,0.46,-12.620791827027837,37.869336344743786,1.45,-40.05754324876193,38.49307793741062,4.42,-27.954983053336928,30.997598970387305,3.43,-30.27283573160461,45.35676080529446,4.42,-27.626497309452176,38.35265074382823,1.45,-2.674576339475262,36.351038436971784,3.43,-53.116317561842564,25.79408723795637,2.44,-12.8756042418214,33.72089233455033,1.45,-40.05754324876193,38.49307793741062,4.42,-21.682173066035514,39.01313121531897,2.44,-25.332350100605616,39.57521835908007,2.44,-4.5841304633682896,44.73366052173913,1.45,-9.426933435077359,30.354471170039254,2.44,-23.490837438108233,36.41925972819316,0.46,-16.162122365669813,32.89315055640177,2.44,-34.15518461828915,37.62724104284635,2.44,-33.14195741482918,33.152310352569046,1.45,-13.91496311655419,33.72780414046002,3.43,-42.60600485792828,29.68774851323061,0.46,-28.622859304365946,28.490868958586077,0.46,-11.667553827035114,46.32551340020315,2.44,-32.38923519697262,50.64341900959961,2.44,-19.310545877854796,39.27664534733905,0.46,-15.677257636564782,39.68034404081572,0.46,-18.36360798893268,45.387555288004506,1.45,-16.68213855673422,42.86895305641321,1.45,-18.17051273286821,36.70160921622363,4.42,-2.3435047449694366,32.65979822565981,4.42,-76.2957397900318,35.655504257369266,1.45,-41.26924083995567,33.64492613279851,2.44,-11.84587149021727,39.249650890382995,0.46,-26.479962497908176,27.39737138152583,0.46,-62.92192798522446,34.43093622429798,2.44,-66.61843675323678,35.269714534329324,0.46,-56.32808677844163,33.435354453003015,4.42,-20.770432596279186,30.748582958483553,3.43,-25.378029258438495,39.23258914895082,0.46,-28.891891094309827,35.54489359227494,4.42,-4.001662503376885,31.83071934645609,0.46,-8.292282772951388,36.68220641605613,4.42,-23.99977545273965,27.709768873306707,1.45,-66.13705500590456,27.200042654291227,2.44,-30.379772763757174,36.31850045463462,0.46,-19.03358006958222,44.24536792276947,3.43,-6.911887420973038,42.98267018111504,1.45,-38.67946357220255,41.67573744005894,0.46,-30.680227790679247,35.98795470013712,2.44,-4.918009699867625,44.3997812852398,0.46,-57.8984788569138,38.97800184575393,1.45,-26.56492841427376,44.84173103552575,0.46,-26.026949601154826,39.19895909261889,1.45,-19.040219064927385,36.622545004218246,4.42,-21.814212489140452,46.006515064834005,0.46,-20.305593410554096,34.271435986034255,0.46,-44.371147241586094,39.45177181504047,1.45,-17.087178035147055,28.477835253039213,2.44,-11.09885202930402,38.2189389558034,1.45,-13.967542271305678,38.14208162046256,2.44,-20.629812961570927,41.07179210692243,2.44,-0.6774380875064936,36.29532893657145,2.44,-56.66579124621507,31.81248227098093,4.42,-39.0801877125529,43.047749051010335,1.45,-33.39944021598757,34.90095800346383,0.46,-21.814212489140452,48.325304825304706,0.46,-16.916037812610647,43.47087513666342,1.45,-16.835593088500048,44.17804282042448,1.45,-14.015672244279251,46.0966566525252,1.45,-25.980622885379944,37.48280696598766,3.43,-24.376985115788003,33.392410032785335,3.43,-7.914743927423281,47.97152207925711,3.43,-2.3435047449694366,32.65979822565981,3.43,-14.909443007317087,37.03202580084318,2.44,-68.53776731795719,54.11221158260048,0.46,-51.7168030449045,32.28419188504712,3.43,-48.29063005640906,36.868511541523205,2.44,-2.4930361919065582,32.585032502191254,3.43,-31.754045322211503,36.76112916138372,3.43,-51.3071962937064,32.342707135218284,3.43,-12.68285683895514,28.039552277639956,2.44,-25.20475734446549,45.58269695791837,1.45,-9.831579733345265,30.562492831397932,1.45,-44.70902353970019,33.75756444290498,4.42,-41.45776091880798,29.80257290714264,0.46,-4.15585368039579,45.16193730471163,1.45,-75.85649883205375,22.7877570992165,0.46,-13.802400075155564,37.17040616736337,3.43,-15.88515571477214,38.744740362313635,4.42,-54.05836043995268,30.555826740660212,2.44,-53.712740674308584,35.454179258844185,2.44,-2.2467841163968103,36.668515957553126,2.44,-6.504228158426464,43.186499812388334,2.44,-8.292282772951388,37.859170830138886,4.42,-37.12583669693923,37.297168589663,1.45
1997-01-15,24.72627273373286,-86.84299926496834,36.50342025789458,0.46,-24.937173955631685,33.966951201939544,2.44,-33.819049672327644,23.79872857768911,0.46,-23.704400413853946,37.380676972245396,1.45,-37.824160628467595,29.861133657355218,1.45,-13.428301766000729,62.59854555582181,0.46,-24.109804693491853,33.42840888062764,2.44,-19.347066601725192,51.50837805662436,0.46,-17.562312308213883,31.607553319808734,1.45,-45.62280532261481,30.21316495967315,4.42,-26.024766160166493,51.47347054467645,3.43,-42.70178067334133,49.3888437305296,4.42,-33.051332189722665,45.16107161501211,1.45,-6.097798912889306,40.27012965110721,3.43,-45.98258893624119,35.51492775188369,2.44,-13.668680712813988,59.05910747681622,1.45,-45.62280532261481,30.21316495967315,4.42,-27.767488417796745,34.341054075539944,2.44,-31.979752596127945,45.26822957437158,2.44,-16.389975121549682,32.2684049229585,1.45,-6.853588741558873,35.129182956667066,2.44,-26.982281302743655,37.76438600759445,0.46,-16.127457058513844,54.02100452713561,2.44,-38.85460979757776,22.68285567063285,2.44,-33.366451903840485,25.088888565120527,1.45,-14.714951393456474,33.43509749599615,3.43,-39.36593750760115,42.75697482554432,0.46,-24.185912399394283,45.54522712706383,0.46,-25.065251363680524,30.5020414687137,2.44,-50.10483834301449,56.211278812581725,2.44,-25.659375361636105,28.87977855541501,0.46,-22.42978581382276,34.93413214264817,0.46,-30.823347413379448,26.264370162805108,1.45,-26.62327574958969,26.756418229055196,1.45,-21.9443060855341,41.047166243644625,4.42,-2.0754871070715097,48.48377630776462,4.42,-79.02342818384332,33.06947272636226,1.45,-41.98635110919644,55.51939867726841,2.44,-18.167706517042525,27.31728207721539,0.46,-20.949518015876265,42.238602423308436,0.46,-64.4250483459647,34.396598166169404,2.44,-68.96033542400836,54.11622358136018,0.46,-56.835625367886905,34.447347778134095,4.42,-18.591199691205,48.82130649001539,3.43,-31.682802543831578,35.76638771436684,0.46,-31.508968823027026,53.52815669863529,4.42,-2.9045659862752338,34.30015456055275,0.46,-12.046673325449781,39.74880450619378,4.42,-18.78172846248862,49.684679910417934,1.45,-60.40928179663804,26.82417221960398,2.44,-33.77045735483406,33.611532463481,0.46,-30.35113212879395,23.664211043331704,3.43,-16.966741738530338,58.646849848601676,1.45,-47.42738514870375,56.50877361194958,0.46,-33.740366627258624,35.99844233077236,2.44,-16.389975121549682,45.30985953510559,0.46,-63.94866483910999,58.927035662708754,1.45,-38.478843586241766,33.15090350126828,0.46,-32.29809283021598,39.24731748862383,1.45,-22.73494820558789,40.9752896872761,4.42,-34.89291169041672,22.301132414942703,0.46,-21.64921353303061,26.56485057525282,0.46,-50.89510319306883,45.3389293499299,1.45,-12.637197424628528,50.36740558129127,2.44,-16.389975121549682,33.74560073912758,1.45,-19.1818080282105,46.101238723862025,2.44,-28.773789204935618,53.87005415089672,2.44,-4.044951160520206,45.87518325947599,2.44,-55.55045765363826,34.55814088014399,4.42,-49.200120900005494,50.34626410030321,1.45,-35.372582355893655,29.06322902728305,0.46,-37.21170145088742,23.459463399833133,0.46,-27.45909708571633,33.73638231072807,1.45,-28.085820045366788,38.19833316327446,1.45,-27.18451303324671,51.914801286236475,1.45,-30.535613987809867,36.39903641070345,3.43,-24.841579285015598,40.6401028823418,3.43,-22.958450143122654,36.94812522281276,3.43,-2.0754871070715097,51.54092894990872,3.43,-19.013652944602526,37.83928154110437,2.44,-89.72216303699993,27.191778457928987,0.46,-51.073179066393884,27.257759354982014,3.43,-52.23132573437452,50.55436016992194,2.44,-2.1502528305400723,50.559976635928585,3.43,-35.587358620037485,11.713054400400587,3.43,-50.72208756536694,26.870442568786867,3.43,-7.794593253037355,56.90246481011297,2.44,-37.859638438826124,27.25114056951411,1.45,-7.466256701185458,60.94889899500717,1.45,-45.53877211904743,28.448649643564003,4.42,-38.33251796239288,37.91774918032321,0.46,-16.38997512154968,34.632138962454405,1.45,-65.71644006771251,29.913415927826783,0.46,-18.04499037896119,43.29031660179977,3.43,-21.702080213528035,58.05493253922697,4.42,-51.68637131705515,38.91314309952826,2.44,-56.23910406959503,31.177541225340136,2.44,-5.987484210392196,40.30690121860625,2.44,-16.76291210725706,55.37141378810654,2.44,-13.223637739532535,43.79305968685531,4.42,-41.49518942304449,57.167906470356165,1.45
1997-01-16,23.22772757270262,-92.77517319384904,36.82418556147447,0.46,-28.33287882855734,43.0274053612921,2.44,-27.046531921002867,59.911386727524146,0.46,-30.513831057085454,31.783038695946498,1.45,-37.114047956808925,42.82864714260592,1.45,-45.45560099280865,44.912068232786886,0.46,-26.966967245105607,34.60875981845819,2.44,-40.284198329335666,42.75059810772139,0.46,-18.59861929900873,30.396096965065315,1.45,-45.26472395327407,22.702863531926248,4.42,-46.92699037582906,49.18994333579932,3.43,-61.519378074857045,37.73487165761242,4.42,-47.64115747572089,56.969297362564426,1.45,-15.79668223498263,30.742014493774803,3.43,-50.926270359110994,18.244204629127964,2.44,-42.15654186061632,42.81123518490343,1.45,-45.26472395327407,22.702863531926248,4.42,-31.5372961643228,32.45000411715496,2.44,-46.67673584148564,44.77638658293389,2.44,-18.087133715494296,16.103596937802305,1.45,-11.41152536921205,50.265803714506326,2.44,-34.17542098132422,31.259954421055244,0.46,-39.57721525663557,50.08950741397626,2.44,-30.96621913919672,46.52199954985488,2.44,-27.884094139947123,33.23206439741826,1.45,-17.57880256043874,52.915125373620356,3.43,-51.55166600413158,45.62134880801962,0.46,-39.15989319744423,42.3706574238058,0.46,-24.996046503380335,37.80803374449477,2.44,-75.74487082658233,41.546593806812034,2.44,-23.967907588037228,51.128432220853675,0.46,-26.79267162745704,33.043082184263184,0.46,-26.516471247170667,33.97832933773678,1.45,-22.808447649631,33.08987552061633,1.45,-32.42022600016484,43.62437281096258,4.42,-19.988017085822243,50.415388702895264,4.42,-81.52165458119168,44.771596520672915,1.45,-66.93450345745097,49.087965870179055,2.44,-14.913742265244025,45.401426290330825,0.46,-32.61687411017081,38.22554881728334,0.46,-68.2504001831202,45.97807419322487,2.44,-92.50531267635466,26.708640834099352,0.46,-60.71172681700711,25.088322203294034,4.42,-36.8412598522065,34.992201222087466,3.43,-36.87794392918453,35.13253606158631,0.46,-54.46587919264843,55.99433711728906,4.42,-6.6334742178140935,44.50436723664009,0.46,-21.22423150262967,26.5986897331793,4.42,-37.89516204389267,58.361582424254166,1.45,-56.66220768722813,35.21988212015117,2.44,-36.81074348930117,58.51649936062439,0.46,-23.444096843111765,51.143169308342365,3.43,-45.042345258118125,42.4505097602157,1.45,-73.36491243163944,45.15552825796283,0.46,-39.1675626290171,43.18485758885333,2.44,-31.12858832764138,18.366915953504257,0.46,-92.30445417280485,53.611954139475124,1.45,-41.05850075849616,32.648526749397774,0.46,-40.97416398982592,37.218779392260146,1.45,-33.138991563850105,43.631005667205194,4.42,-26.622797776345532,40.70668079365451,0.46,-17.642817779269542,59.52715121973112,0.46,-65.66278621398484,46.06731069610669,1.45,-32.433356676905916,50.79304621412505,2.44,-19.564329531663375,47.474992370345944,1.45,-34.711800423058634,46.105823851648,2.44,-52.07259702681845,40.95882850885472,2.44,-19.348888090982307,39.933993708469096,2.44,-59.53735220476836,25.235119029823878,4.42,-68.97513867129481,24.05539572150807,1.45,-33.86456505416282,39.47062871575576,0.46,-30.099918521706662,49.676123680421604,0.46,-30.62423306743051,17.58893109854746,1.45,-35.71290687962736,24.595284455951674,1.45,-48.528067990469296,49.49410633215398,1.45,-36.36340406949943,58.58040499202463,3.43,-34.91043583834351,26.0502116108449,3.43,-29.33532903692153,43.80098700759184,3.43,-23.04516972796634,50.03324462262725,3.43,-26.281688156693008,60.02065012242555,2.44,-86.34269516591503,42.48530874024352,0.46,-47.75969209236201,28.17726291472428,3.43,-72.21443957528257,30.642301369399032,2.44,-22.13898313745477,51.49718399258378,3.43,-16.729166691424183,45.98965708105244,3.43,-47.021283805139916,24.086705114193183,3.43,-34.125811734136434,58.90006103993363,2.44,-34.53953267932634,24.762909341708962,1.45,-37.84390936717874,45.757811746745766,1.45,-43.416175433597544,28.78676948849784,4.42,-45.6790208137022,42.97712803504696,0.46,-20.450867754990195,16.70143112358957,1.45,-65.0586096665254,23.704596289268693,0.46,-30.764060651747076,44.235295336012086,3.43,-49.185766423741114,33.56835481959095,4.42,-60.02826808756952,39.96436962626084,2.44,-56.84539896592128,29.578806446277845,2.44,-15.723139099984557,30.752520655917383,2.44,-41.56307956634971,42.27251819141332,2.44,-26.445451097373954,25.9192067105593,4.42,-68.09184956438676,31.23079785718603,1.45
1997-01-17,21.69837452296407,-100.88089443459458,32.90866032091982,0.46,-42.64181986912051,56.51052778385752,2.44,-58.239454327798086,23.437431520345193,0.46,-33.57840543230303,37.4660679879076,1.45,-51.224230778685914,23.7147094853952,1.45,-61.64920490486661,45.28771012474771,0.46,-32.85726274283487,63.73511359885044,2.44,-54.31633211632813,47.69965951297657,0.46,-20.276251943345116,29.77955529924869,1.45,-39.24912316447139,24.32829911370138,4.42,-67.39846939089945,36.90434251403506,3.43,-70.53578541174053,22.604970435757963,4.42,-75.8919905175564,21.64717484961155,1.45,-17.820232408028506,36.996144428596374,3.43,-40.45201066751003,40.29185032485056,2.44,-56.249312724790826,48.50931208006163,1.45,-39.24912316447139,24.32829911370138,4.42,-35.26883596074883,63.33318472919811,2.44,-62.7346581036906,49.731105722834066,2.44,-5.472266332567674,34.47305249200967,1.45,-32.95886476298945,28.005594616178257,2.44,-36.71691108165054,38.99279872530272,0.46,-60.9482583498829,23.63296957516796,2.44,-48.76975436832268,55.76741357660135,2.44,-32.39769421663646,31.39229719508841,1.45,-41.77546361333017,39.32350534504665,3.43,-68.45455049142228,57.802232307419196,0.46,-52.8120863005211,23.988686645862238,0.46,-34.08561592714618,61.062948836055135,2.44,-88.57300031266544,22.453713391450236,2.44,-46.377875488161976,35.79569837365701,0.46,-31.117289490991297,31.91094515638291,0.46,-31.77633626417852,25.60233567960306,1.45,-27.179858849518403,26.368415248713077,1.45,-47.326134490398495,55.72980868031119,4.42,-41.68494146798858,23.922329396448518,4.42,-97.57478678113567,45.126413204555845,1.45,-87.3040050069011,35.58960084341724,2.44,-31.596704234845923,25.63227435115849,0.46,-42.123958606725225,23.877731955845274,0.46,-85.51001005561615,54.959655713386894,2.44,-90.49548918972509,41.20523023028333,0.46,-57.08158469957222,23.51429793485656,4.42,-43.11499675356504,34.47368030303777,3.43,-43.29201567004191,39.09870714956682,0.46,-81.74175198920855,31.68050393597244,4.42,-22.41937713372526,24.688979340017145,0.46,-19.104456915080043,41.65214323884749,4.42,-67.53828014741791,36.95713695107852,1.45,-63.163625486650375,58.68405314154785,2.44,-66.60877852919663,49.37754002007304,0.46,-45.868801830725204,55.55414378667601,3.43,-58.7743906976049,20.73170704840357,1.45,-89.80197636887334,24.2930787032958,0.46,-53.633955897141504,44.25823092946998,2.44,-20.77703996041671,33.0598617708912,0.46,-117.19794399155106,59.57208188500104,1.45,-44.988563187165006,24.857966991790693,0.46,-49.47447906135714,37.846058922261996,1.45,-48.05153291032637,55.60890894365654,4.42,-38.61101424927112,62.77615501444439,0.46,-48.45150467827173,22.90239647871788,0.46,-83.0116325893626,22.602297206009652,1.45,-54.50793857030204,41.32877767617292,2.44,-38.32085758128039,44.22085887222735,1.45,-52.099159953977704,24.06790068436706,2.44,-64.31296121494424,24.059354076464622,2.44,-30.564417478722476,64.1172544762025,2.44,-56.05400691386331,22.54308258498086,4.42,-64.31207007207396,20.8032118027518,1.45,-44.61672944918965,43.57941113895505,0.46,-51.05757788139934,60.70172774242303,0.46,-19.49469984524904,27.498777646234533,1.45,-31.58972701485011,38.56949648253258,1.45,-69.30371000189436,20.24164438066994,1.45,-66.22534474079514,19.486899961599825,3.43,-32.24218312845949,33.50124759162028,3.43,-44.417851723784445,39.716694309056756,3.43,-44.35995002986466,23.61507893005844,3.43,-57.58387395838963,33.54725882771106,2.44,-100.10953958542962,31.763335090955263,0.46,-47.21849068635736,61.341575608263355,3.43,-74.13827662395268,34.2887597442279,2.44,-44.91770280930962,23.79143796670739,3.43,-34.0003594517477,50.62753079913089,3.43,-42.38952459860417,62.14640328955556,3.43,-64.30740845334114,58.493422647099386,2.44,-30.583977700306377,30.654779116198597,1.45,-54.88325679319558,39.60229302775257,1.45,-43.48448060136646,37.78727136019546,4.42,-59.937684528020235,59.221709967986214,0.46,-8.433834557850837,33.34200525237578,1.45,-60.044741635065165,30.57970714504649,0.46,-46.28089166703023,23.621039359492315,3.43,-54.03565692260314,60.20538123555573,4.42,-71.27417339310144,65.51483677605327,2.44,-57.705741091470195,59.59370054074455,2.44,-17.757195435173013,47.43119734325132,2.44,-55.1171334370341,21.09743277446065,2.44,-23.64619348720433,35.23715031361118,4.42,-70.60418310084387,22.011787001381933,1.45
1997-01-18,20.49986344051956,-106.96196292135322,25.89068420102874,0.46,-72.32475581881685,25.42017466565198,2.44,-54.8492940139821,39.41037089157054,0.46,-44.21688158604945,25.157281576159434,1.45,-48.11134842991994,38.88205048897035,1.45,-80.10932319545314,22.151335746860934,0.46,-69.76478450752413,36.25755170061477,2.44,-75.18839979514351,68.19657139743877,0.46,-23.22821540843263,24.26623130796191,1.45,-36.74983044401159,24.789467028841027,4.42,-77.47522007077333,31.90439856201477,3.43,-66.31316401333731,40.54813521398638,4.42,-70.71157353300677,23.09111071310557,1.45,-27.988785002463704,36.449251417058754,3.43,-53.91626915819941,21.352901282422245,2.44,-77.93103297069129,20.840064777670257,1.45,-36.74983044401159,22.74359915165187,4.42,-71.77442885578577,38.16575288646651,2.44,-85.63817199236348,21.598450867169902,2.44,-13.11772699041617,61.817788962180096,1.45,-34.13686754500653,39.78457683744719,2.44,-48.88211797279208,33.521866720471024,0.46,-57.753636090889685,42.068792274700094,2.44,-77.70957611076285,63.720527260527234,2.44,-36.962399577563694,22.24809086670965,1.45,-54.27137712421564,47.31074680906281,3.43,-99.4291909646803,21.6134998222773,0.46,-49.973181112222164,22.249900991871147,0.46,-68.32097292904014,21.632352780338174,2.44,-84.1991218699545,42.172762570114855,2.44,-55.34598202765781,81.26884310424268,0.46,-36.20064281321303,23.780183025094388,0.46,-30.551080109620404,37.30103380953964,1.45,-26.720682264070305,39.581362181162326,1.45,-76.22835133654851,55.83882108765752,4.42,-38.77967903027592,36.98427489398844,4.42,-115.87360815153035,35.89094296012366,1.45,-96.06601401615715,43.10969323974122,2.44,-30.401386751843237,40.008996425306705,0.46,-39.17409872840932,22.356158852745004,0.46,-113.64207393484187,71.96850730563938,2.44,-104.87312758584724,34.48811969423746,0.46,-53.76829080026761,21.828222137643877,4.42,-50.76108522244163,37.42753984599748,3.43,-55.56313098544756,34.62098792684587,0.46,-86.59466409101981,16.512994945775844,4.42,-20.28076463958123,53.51769992978239,0.46,-33.92900831976636,25.58934948594861,4.42,-77.66782526433525,19.87922083978847,1.45,-95.02008679403704,17.18786253641661,2.44,-89.15872671510849,40.39197011219184,0.46,-74.59535378324003,53.685123026289226,3.43,-52.678505911847296,36.73529577111996,1.45,-87.26746323800796,84.58396821829588,0.46,-71.06459499245031,21.92955360739997,2.44,-27.00930989714674,49.45216855635002,0.46,-149.94243404239091,68.66847456858946,1.45,-43.01893834479452,39.715833826653366,0.46,-60.49294614945796,25.16013721972257,1.45,-76.83285001982173,55.998126145809124,4.42,-74.55957742955434,57.604833272669566,0.46,-44.52630932282844,37.7426219791777,0.46,-78.78633796121107,46.050818086622854,1.45,-69.00912441231378,19.84361575701081,2.44,-55.71412461934657,21.85979548915031,1.45,-49.33946880418359,38.22059558859766,2.44,-61.544723457247684,72.60523224768528,2.44,-67.8540801207638,18.951224699995333,2.44,-51.769497664682994,21.56757843177389,4.42,-58.287690040664586,55.61961864131504,1.45,-61.368548753983525,26.8402572419337,0.46,-84.93171378966119,66.64670899212763,0.46,-20.1658856573224,48.9420274322023,1.45,-43.331631663221515,52.343170385882,1.45,-62.71776254840312,21.525293310577233,1.45,-58.884652868233786,19.79195463505162,3.43,-38.91583888591859,21.508327694632058,3.43,-57.306954198680025,22.53671485845231,3.43,-41.147437125761925,37.978389418752144,3.43,-64.30354095193951,37.18935993227709,2.44,-105.0452828422237,25.433730168640178,0.46,-81.73247446045954,33.12945280792107,3.43,-81.5994445340194,29.91249057148119,2.44,-41.88154894185583,35.88472520551021,3.43,-57.80029841671741,50.37515486694615,3.43,-77.70833605399855,32.60222187230824,3.43,-95.97323926627935,40.338219896614255,2.44,-34.4111649823438,50.65953215148437,1.45,-67.65795798678698,20.284925783586168,1.45,-54.44416012740074,37.525237307572425,4.42,-92.33180266184527,18.621233826728556,0.46,-14.948247976065439,65.83185977270595,1.45,-63.79685694595048,22.706978123764326,0.46,-43.07433919236137,35.735626424197015,3.43,-87.41344632399769,33.75980018058012,4.42,-109.96141833499354,46.34582032359434,2.44,-90.47184979805357,44.77606684644023,2.44,-38.36080094426316,38.2880156611409,2.44,-49.38697437733357,37.06444892457133,2.44,-32.055751966654334,23.14244506666821,4.42,-65.78837826806463,31.606280588487607,1.45
1997-01-19,19.66957465902519,-107.5068790116758,27.042824061723046,0.46,-72.39916237376268,56.18928082106665,2.44,-68.91389679484648,60.1847211603591,0.46,-44.02839505150273,34.48590729341039,1.45,-61.64763080818413,51.16766141386956,1.45,-76.91489083160792,41.73868506328534,0.46,-80.67656809743274,67.63520573908485,2.44,-118.03920308187612,53.032908305093635,0.46,-22.148678605688374,42.532692334933486,1.45,-36.19352936214646,31.729049147500497,4.42,-84.03385052208193,16.63494630972093,3.43,-81.51553111661752,100.50786883733458,4.42,-68.45691613540617,73.92524954856876,1.45,-39.092268308816294,37.727349644499455,3.43,-49.92340232991549,22.3200987318522,2.44,-73.42532963765538,42.1748802125294,1.45,-34.1476614849573,32.240516116797785,4.42,-84.59441363154612,79.67691465291848,2.44,-81.89085474882722,122.95095047806005,2.44,-49.5897478418901,33.373636735332916,1.45,-48.575676271747554,43.76576144723638,2.44,-57.05821658255694,33.324960170832725,0.46,-74.47666025488363,53.81095824208976,2.44,-116.08433526058393,123.04207612193393,2.44,-33.86472233356718,45.24390423834085,1.45,-76.23635582257229,122.96444758548554,3.43,-95.69692267625145,65.74391424473941,0.46,-46.87731399338715,71.16831520950213,0.46,-64.60755759867214,42.93045212587497,2.44,-101.02611632936319,125.55177927713738,2.44,-111.26905702119433,81.4218645290187,0.46,-34.63505772760125,59.99643428677694,0.46,-42.50634580845388,129.71044958830925,1.45,-40.956276334526464,130.02046348309472,1.45,-106.72140431349987,73.13664945694035,4.42,-50.418185813558196,45.6628007244918,4.42,-126.41878300094785,52.03904951234281,1.45,-113.82993914519221,14.626819370152255,2.44,-45.06461506644378,44.35426213646992,0.46,-36.184489470448156,52.554979892854135,0.46,-160.2648131297751,37.8137390230034,2.44,-114.01547916937855,123.38688547046816,0.46,-50.250744827205324,70.79348956130009,4.42,-62.84285695773295,20.750572873964963,3.43,-64.83835080158727,125.79303446926671,0.46,-77.76189092608949,16.739463264976116,4.42,-48.452696458657456,46.04492505628269,0.46,-34.17258969500881,50.41653590106697,4.42,-72.20127799341756,20.80636220985843,1.45,-86.8621812197475,47.47302870419712,2.44,-104.20492871659417,20.66558254121161,0.46,-102.9347086988231,47.216944259158545,3.43,-64.06803357226109,20.905635607617644,1.45,-146.50566334559767,33.03983849903662,0.46,-67.64838048914412,125.32469618800724,2.44,-51.11571034279059,34.06777345080352,0.46,-193.2651405002742,12.629177790102913,1.45,-57.389004060741726,56.04247068595925,0.46,-60.30731525847436,21.653045359137273,1.45,-107.4852080549247,75.33756689060523,4.42,-106.81864259151774,48.594148924441974,0.46,-56.92316319129998,49.539631444456255,0.46,-99.49138793712777,32.023795943038095,1.45,-63.50697205861843,20.96174175898191,2.44,-52.22815199779072,38.892738800982094,1.45,-62.21429628207508,28.898918794179153,2.44,-108.8041875942268,31.267102740907198,2.44,-61.45953671005297,30.383196009750282,2.44,-47.99130798575072,53.238124160472566,4.42,-88.56154057127347,28.77236748101302,1.45,-62.86303788521106,44.1829374281113,0.46,-126.23265467108266,52.21356314617299,0.46,-43.76214497881854,26.579879845515123,1.45,-70.32903393839734,35.805476419847096,1.45,-58.89728774827419,50.84154563923508,1.45,-53.33083939257925,52.570682734619,3.43,-35.07839846984449,32.02684417320303,3.43,-54.49790094642617,35.6778523145464,3.43,-53.78005843380791,45.80808866794496,3.43,-76.14713277351044,123.90823747394619,2.44,-105.13324490015772,42.395679352116346,0.46,-89.51615915767445,27.471680770266556,3.43,-86.16616699479442,65.66187366808687,2.44,-52.42050603665987,41.458095009577676,3.43,-82.8296851729574,128.58451780320502,3.43,-84.96478981560062,27.79677858041469,3.43,-110.96569105218745,16.674200538224436,2.44,-59.724929023122,69.43943117191004,1.45,-62.59711565966699,44.24941798449731,1.45,-66.623629324267,46.9982083566358,4.42,-85.60726837786767,56.681682322537604,0.46,-55.434339638065225,32.20471837609789,1.45,-61.15806695900865,45.74074847988039,0.46,-53.464197505852226,23.73911796914134,3.43,-95.82747839387164,47.452952704500376,4.42,-130.96147054788173,43.46706468918405,2.44,-109.90214853378764,32.508461496462836,2.44,-51.303048494697904,61.87516176664815,2.44,-61.105655191198736,21.201873445723876,2.44,-29.85242892261638,35.58587497354014,4.42,-72.04889074584608,68.3714733481178,1.45
1997-01-20,18.913618334678404,-110.23049335815406,38.98100515964087,0.46,-104.26923347958454,28.781198520255973,2.44,-104.77940823996079,40.700528804500884,0.46,-54.19509262966833,47.637282323917056,1.45,-88.4960825068089,52.83921222594351,1.45,-94.33436617964847,38.28464504707422,0.46,-123.9925641212728,75.90498553123209,2.44,-146.75290167172497,61.6423367859525,0.46,-40.36216122537707,43.80044861261354,1.45,-43.603368794402165,44.00924992120754,4.42,-76.34958711655807,38.248843114336495,3.43,-157.70419023870733,17.78449899641013,4.42,-118.06295596873014,47.99048785039261,1.45,-52.50040823807096,27.940209372367026,3.43,-47.92429134652291,33.05508063097271,2.44,-91.28100013494,28.18719811894722,1.45,-42.06896788651029,44.20105003469403,4.42,-139.9521185692198,82.63028625055544,2.44,-180.5225955116425,29.66582211387481,2.44,-58.64417486197823,29.304259271614676,1.45,-68.02222800373914,45.96209592276162,2.44,-66.06396703814488,49.03266373729814,0.46,-103.9684087817286,130.91891589990428,2.44,-214.8072016672731,39.281687277406995,2.44,-54.789416856663244,39.37067691668204,1.45,-174.88159369281306,30.869512749859318,3.43,-137.12162720574608,124.28827221510078,0.46,-93.72641948764448,69.28940391109505,0.46,-83.21880000930233,27.584754520554146,2.44,-202.25868589125577,13.385165363236196,2.44,-168.37171183496824,53.16099136726206,0.46,-70.3122822991334,48.56062870829941,0.46,-147.89758568151834,49.243171357681305,1.45,-146.6575301023764,46.236341870135256,1.45,-155.53884405519543,34.96688886607598,4.42,-71.76177682280522,132.4450538411737,4.42,-154.13862279804587,68.0449762743964,1.45,-104.13754880009967,42.08812052720246,2.44,-65.09966748766891,46.43986166291834,0.46,-64.42025964805751,57.783595778856096,0.46,-173.7593424375337,47.17747876810774,2.44,-213.0831549246019,74.50461554440187,0.46,-96.72502467326063,35.193631711985,4.42,-59.27422011645312,49.33471433725,3.43,-166.3121755556092,43.1655658917047,0.46,-70.18214447582082,53.853300055756776,4.42,-70.17841179969537,53.853766640272454,0.46,-60.26991588083099,61.950600678550536,4.42,-68.6884304880312,58.039884978540634,1.45,-110.01600020869984,50.277763992801894,2.44,-100.55130154256098,61.08226693185525,0.46,-125.83244324273684,42.0832672114962,3.43,-60.654459464633945,139.5817057633232,1.45,-155.2262921293895,65.54893712235555,0.46,-168.65386696190657,23.92728517675849,2.44,-60.864274078349325,35.52403926256188,0.46,-181.57510857513233,46.46695457378058,1.45,-89.11226503145619,46.471741738041324,0.46,-57.641150902366846,43.88957288494108,1.45,-158.50356523028512,34.69736875924965,4.42,-131.09358180071493,42.13072971055351,0.46,-82.14358492051144,36.507602727221226,0.46,-107.19597416492107,40.909618914694676,1.45,-60.14950410235555,61.434030302655074,2.44,-66.80168108352802,68.26086568452303,1.45,-66.79400536100945,138.3537965840481,2.44,-115.75208061988923,53.333519965354824,2.44,-67.52352300455847,57.395687859293474,2.44,-76.91022243097851,37.67048199227027,4.42,-93.0146983370417,63.0865694339051,1.45,-82.72676559807758,37.748362273656326,0.46,-154.12700810201085,40.29071105503329,0.46,-46.022815109088874,52.771643052432694,1.45,-81.81530064299966,57.503456987496136,1.45,-85.41962367226448,63.93046661888033,1.45,-81.58231241195347,44.37953104738277,3.43,-42.78603292780273,37.581025211417234,3.43,-65.85654354572779,34.17591392934262,3.43,-75.26893738650807,136.65881017894839,3.43,-175.73616053221184,32.61030003235047,2.44,-123.20971453702928,70.85669520721609,0.46,-92.66863021269621,37.87609224392079,3.43,-127.50883094763651,70.11488385521052,2.44,-69.55939133099275,137.80071939005146,3.43,-187.09499326091762,33.68172992195512,3.43,-88.44235868077052,36.93184897612876,3.43,-103.3206818751671,57.79008147068642,2.44,-104.84515047978726,42.00949811834829,1.45,-82.52732392891951,33.11703372360964,1.45,-89.30262796565802,58.51871791632482,4.42,-117.96974098516048,128.11864945921792,0.46,-63.31984829891832,29.94822757245192,1.45,-82.57960572364425,28.265547118065264,0.46,-52.88410575974878,141.13577650430025,3.43,-118.96122138312722,127.92035337962457,4.42,-150.10932552182098,29.85248252536002,2.44,-118.0914003150057,43.25183781764694,2.44,-88.85900054610127,31.300606804295935,2.44,-57.98831892167782,140.11493387191445,2.44,-41.11909418091173,65.3747998118587,4.42,-116.10115437871909,92.67904111503816,1.45
1997-01-21,23.257580704718535,-125.82694350180262,119.85061155446218,0.46,-109.6658769838482,45.44195062592659,2.44,-122.09538202846934,103.10593049385923,0.46,-78.44781993759307,52.8666679874309,1.45,-117.9507397167601,79.66513885864717,1.45,-109.23445621073037,63.92837322658321,0.46,-176.5129946365126,71.47000180588,2.44,-185.01068344168516,70.62023292536273,0.46,-60.778054821998296,85.8820133736431,1.45,-64.2280636996174,72.0769302699697,4.42,-91.21387521490225,41.17605490477784,3.43,-152.10413421912514,53.68483034975282,4.42,-142.66888880313041,97.96255380019396,1.45,-57.05606259444566,57.77525521809258,3.43,-57.5948169615033,68.97930488719597,2.44,-96.0836432378949,54.615612710497516,1.45,-62.885462905212,72.24475536927038,4.42,-199.19784980378293,66.47725713985746,2.44,-186.80386260952497,37.708493133578756,2.44,-64.56387911760058,67.9623971517267,1.45,-90.59976891050844,47.61205586372551,2.44,-91.7120757594507,54.338686460755476,0.46,-211.50276966564056,35.238602427967194,2.44,-230.7043339286878,22.42736934150622,2.44,-70.77553875735296,67.20918991524422,1.45,-182.36655142668008,55.987897551983465,3.43,-238.02534440485454,65.3187668290458,0.46,-139.6312683827472,98.72195890528977,0.46,-87.41899951386415,33.90220957698146,2.44,-192.25929623849964,65.28596117098267,2.44,-198.14814818623796,85.14924489398538,0.46,-95.4883559914405,84.72569866513244,0.46,-173.75620202320732,23.866717422880335,1.45,-169.50931695651934,23.633345420718285,1.45,-167.12117790527907,74.67273293900872,4.42,-180.8222756479866,21.183124700136904,4.42,-198.79904405644993,73.79958167833938,1.45,-122.84111431130981,55.01684710024643,2.44,-88.15497413459494,86.85798571608579,0.46,-98.81930041092129,108.92495089824624,0.46,-197.55226618964912,95.66793363119668,2.44,-264.20321545301147,65.62722112371053,0.46,-108.5341013692533,91.81576391036074,4.42,-85.22437943771081,52.53997118748084,3.43,-186.0931864313216,73.03721455999285,0.46,-100.65088951558528,62.82843737946996,4.42,-100.6476234239755,62.04703779465931,0.46,-98.8359615433892,68.74863284619757,4.42,-103.34376045057951,66.2992949000224,1.45,-136.9092091855094,47.287020975980305,2.44,-138.24901345842392,88.51410701156402,0.46,-144.53115543824072,80.9134762186677,3.43,-176.85161021196484,44.716783281609864,1.45,-197.39067423575273,69.38223384595598,0.46,-169.19659712267273,29.249487662367958,2.44,-73.00375832491889,95.76357980417568,0.46,-204.6575081329206,58.02245109100481,1.45,-112.1994517535052,76.14374581211054,0.46,-78.14616877131562,32.73886238747227,1.45,-169.81637897354247,74.4277146600757,4.42,-149.8397564952761,96.7538713804733,0.46,-95.26663263174035,109.82258078941989,0.46,-124.72103806362342,42.71575102298026,1.45,-98.1989793890183,66.87093724019589,2.44,-111.67799175205873,105.71027806296188,1.45,-181.76324692906525,44.92156956864553,2.44,-145.70104556925173,61.68837530784356,2.44,-101.53465584785963,43.57618406767443,2.44,-91.19614940725646,86.4778388070031,4.42,-132.71671275495447,71.90180378026548,1.45,-97.09057285574158,31.65709624661281,0.46,-171.03316414105183,94.10469542475133,0.46,-75.40990314552926,49.575826756101726,1.45,-115.93420261450348,82.16996783724957,1.45,-125.96553527515249,74.61418097637196,1.45,-102.57728844334392,107.98545389014058,3.43,-56.982503123227644,75.31196341574889,3.43,-76.6479024590781,84.82799351585743,3.43,-188.54319254946415,21.749012134260926,3.43,-184.96190554857,59.828614345491246,2.44,-170.68185472825306,98.11069830950541,0.46,-107.16016744062469,106.83973414082038,3.43,-174.2391597868547,90.1797770490121,2.44,-183.97555570505187,24.383235895755234,3.43,-197.3921681668804,20.9122216549212,3.43,-101.98965264090697,108.13236284074982,3.43,-137.7262083298612,76.96703951052515,2.44,-123.47009358214324,102.76225260544075,1.45,-92.25980263653683,64.72605654298896,1.45,-124.43679086599052,58.22889418374337,4.42,-222.70383542838607,66.85091772669264,0.46,-69.88352085537792,81.03105289398619,1.45,-87.4605978257172,38.382311708491294,0.46,-170.6353272480567,45.592684486326725,3.43,-223.49701974675946,47.016173153137835,4.42,-156.5772530311887,63.499424529124894,2.44,-137.95868311666032,99.14010522181148,2.44,-96.77505233440489,67.1245967783821,2.44,-174.71869777759994,31.43776592721407,2.44,-83.1093389767781,72.56018516696524,4.42,-185.3956404777649,68.01083595385946,1.45
1997-01-22,27.785291721639325,-216.92218070617645,75.8149413399506,0.46,-126.35245325968643,44.33795441211818,2.44,-196.44593817224023,56.76906839318858,0.46,-102.55911357493562,94.32334231295563,1.45,-168.86050422531892,94.36454390542889,1.45,-144.40745508722523,62.551122069301364,0.46,-219.22762209230424,81.96198067487171,2.44,-226.87554201695954,48.961652341272796,0.46,-117.90469384555306,96.43668471012188,1.45,-107.54961961949874,56.10747552607828,4.42,-103.63455576959174,94.82927275292212,3.43,-177.0335902187896,56.246586492617126,4.42,-211.87606825323604,60.581709104675156,1.45,-86.0759434624499,53.878376484996,3.43,-97.81874749861092,90.52185617486361,2.44,-121.94388159830407,63.723475981852616,1.45,-106.37484392439403,56.25432248796637,4.42,-236.91973259355206,79.43453631755061,2.44,-195.7569813930154,57.06625742710471,2.44,-103.77090191923894,58.16928153021471,1.45,-109.4564504241456,48.16180770026855,2.44,-117.29538787011782,92.79475681408684,0.46,-217.98599774351942,101.99272605367145,2.44,-224.37632892010566,49.916094565501766,2.44,-109.22935432250884,50.87569544137151,1.45,-209.59907462857518,40.34216100451158,3.43,-274.588736883812,73.34664669389936,0.46,-209.59785293794863,106.1268363272071,0.46,-92.56583474075727,47.942726035918604,2.44,-228.78988305939396,78.85794491542731,2.44,-254.542018730135,55.58970085789827,0.46,-151.4586803064846,91.64325807284594,0.46,-168.8675450959993,84.25643265645712,1.45,-164.38728802714928,79.56606806154775,1.45,-213.03853649419943,62.47795864079721,4.42,-173.25002599803517,82.61031476540929,4.42,-243.84325138470098,89.19276373503322,1.45,-149.1025870614679,120.33275767200402,2.44,-146.25758550059237,60.44897246672283,0.46,-178.98887695907916,102.12675467269852,0.46,-264.46482547075743,41.135730655158895,2.44,-301.07506222663363,70.26948922711037,0.46,-171.5944909295257,63.49616135109444,4.42,-109.0089762751033,80.34299417654958,3.43,-230.3750266412261,44.92348608066238,0.46,-134.7239525449669,41.09139832689867,4.42,-133.93928686854647,51.71360568195904,0.46,-138.8292200394984,51.65585027989948,4.42,-140.88768100051357,93.15340083084182,1.45,-155.44085581140138,58.092450063391105,2.44,-198.0077461198996,56.59553417678199,0.46,-196.68925730682008,45.226957250197074,3.43,-192.81301914348637,54.86483378870483,1.45,-238.01753373162035,52.150002219924126,0.46,-169.69071043495234,57.75512237727158,2.44,-140.01196377900624,89.95518482547578,0.46,-233.9245848738371,116.3100008957023,1.45,-159.5878232155274,87.50820239591064,0.46,-82.12965680869954,90.74969255711568,1.45,-215.4887192835298,62.25521475085809,4.42,-217.83825352566106,51.73667949093299,0.46,-176.3338390710719,47.895121617580855,0.46,-138.68141473651534,62.5275155287121,1.45,-136.31454227912585,81.02047763758024,2.44,-188.63289546493226,86.33265590735343,1.45,-197.92944214762244,82.71550002939875,2.44,-178.63404652700694,47.607595685588976,2.44,-116.35546556544571,52.13966409435835,2.44,-148.91861386417122,66.33064598426375,4.42,-175.8631421851316,96.74610920165203,1.45,-99.99229475226605,93.12702499632806,0.46,-236.3824852157148,49.41865052967627,0.46,-96.23035555154263,59.93978182765824,1.45,-169.3487961016647,57.79786166893254,1.45,-171.8243419014361,83.7539400382953,1.45,-181.80736798339615,63.32740846984892,3.43,-103.53909218888819,44.621704205148745,3.43,-132.72052162484718,57.605102309731656,3.43,-181.53683033363674,83.3386269247348,3.43,-216.0351455439729,51.72677746130026,2.44,-240.03717868767012,77.4520329618928,0.46,-185.24452723135673,49.46786244080697,3.43,-235.66356248577847,64.22857833629504,2.44,-179.60341725071876,100.51743783389453,3.43,-189.54901547171326,49.70623726281319,3.43,-181.36664113156843,46.50134235229826,3.43,-185.93787349029802,50.00262347181011,2.44,-197.47697183749563,57.57921205928868,1.45,-128.23048482943744,64.34856320905556,1.45,-153.91031069964555,75.24938030698857,4.42,-260.7993788049904,74.85675794722776,0.46,-122.15919939927576,91.52333005233561,1.45,-97.08753518412016,68.4694983219114,0.46,-187.4726373842951,84.02260062481467,3.43,-241.75781854980895,77.23695297912545,4.42,-191.32130321022524,62.85682501376091,2.44,-208.34341398838347,47.37144304208934,2.44,-135.14427476269864,53.04381715612752,2.44,-177.40108935472566,47.76171533212414,2.44,-126.914149793655,63.10219245743375,4.42,-224.651102081536,79.37529253765956,1.45
1997-01-23,44.09992645606623,-258.3837438927385,101.97629846228865,0.46,-136.33702951841605,77.80084360803554,2.44,-218.86162841204023,56.45064344683928,0.46,-162.52907773450266,69.37468253346391,1.45,-228.87166997735923,99.04268309853322,1.45,-172.605199003138,60.78274181843619,0.46,-266.8362246137874,94.2971137689797,2.44,-241.48381620484378,54.63564419021484,0.46,-179.98800040228636,69.80024589677159,1.45,-129.30371699218844,66.9870593359373,4.42,-164.1104503691253,116.03170146842704,3.43,-198.92679855801816,44.76503868755233,4.42,-238.10439920452262,103.80966202415026,1.45,-105.60094179405732,83.63629298310342,3.43,-153.98722552008596,79.83511175605915,2.44,-151.31397942676813,55.81362505033642,1.45,-128.2757882589718,67.19264508258064,4.42,-282.0008907577141,98.93227407379565,2.44,-218.46986066673153,76.10244956350553,2.44,-127.58680529606505,94.49095750449578,1.45,-123.26487997102558,69.4541952164176,2.44,-175.73676653081608,67.96621564605033,0.46,-285.6253456438023,79.83695187789431,2.44,-239.93904533221885,74.14677948972265,2.44,-125.75167161049177,67.09754823812172,1.45,-215.5878574796982,46.92142633102526,3.43,-313.58200542432274,75.05711143071761,0.46,-281.37131111176717,69.44844183176545,0.46,-106.15518262328729,93.37655624878005,2.44,-273.2944498214327,50.402552179129,2.44,-275.7783414346447,57.30678294322801,0.46,-208.74856022594196,65.69159449339222,0.46,-218.77059959906785,64.43275067267511,1.45,-209.59997793530846,62.63557903552151,1.45,-241.16311698160808,48.93490595799302,4.42,-221.5069626100559,62.66771366980839,4.42,-298.6826369663456,48.23055018168165,1.45,-235.08196658008333,116.54006240502865,2.44,-172.35317981392663,70.89093455225155,0.46,-246.7622534783891,71.65233600881015,0.46,-271.24717797252777,141.76731604103705,2.44,-336.9911733003554,105.5557566323153,0.46,-200.73727412723156,64.8411521964984,4.42,-154.9985922982643,49.420509825021654,3.43,-240.9451345684999,53.99692054056598,0.46,-141.461972718477,64.85321950840954,4.42,-151.29951439711692,71.67115789025561,0.46,-156.13169216600932,48.948712534939936,4.42,-199.6877036779668,92.11375787301368,1.45,-179.1799277214039,59.464940222277114,2.44,-220.249902143293,105.79349503095357,0.46,-207.56283640362858,66.99501199247877,3.43,-213.32447477880262,63.26775211505202,1.45,-255.8141577981559,72.28812553327782,0.46,-193.09245465883535,77.93376329704012,2.44,-195.61377045109344,104.49926747592018,0.46,-315.88120761615085,127.03856475506585,1.45,-212.74264745804948,76.73880658669242,0.46,-138.52597121242664,120.29578132787681,1.45,-243.39055588099933,48.73241151259381,4.42,-235.22155486320548,72.66762577149385,0.46,-189.8755825352642,53.1223942241076,0.46,-166.85555211183885,56.42110325317009,1.45,-182.9816417633175,69.59123826103063,2.44,-240.6121732188971,59.67185018468881,1.45,-246.29156402363262,73.34619150822485,2.44,-191.88826405920736,65.50708527873189,2.44,-134.1417515064155,75.677800147521,2.44,-180.8958816950464,67.32132625052154,4.42,-238.25587323339505,55.80458423491791,1.45,-158.76594159520553,83.01063592445725,0.46,-251.44775759200252,70.63935043039422,0.46,-121.81675922581229,132.4683159253304,1.45,-192.79327961720867,80.67408681298564,1.45,-221.22490378634282,56.18805729413899,1.45,-210.7813982998565,103.89556556896325,3.43,-113.80741824064836,73.21520242864194,3.43,-155.97224578119025,160.97980473959328,3.43,-230.52207910498296,87.70884709772565,3.43,-233.40854485188459,54.35548706929568,2.44,-283.1358334961743,76.8250538440978,0.46,-200.3590115187751,153.5820104499958,3.43,-265.53876266868497,47.127963801236966,2.44,-245.76747693122473,85.53093312254825,3.43,-204.90187458113786,78.52642583360776,3.43,-193.5146053304781,154.72274481471197,3.43,-201.58711880871954,48.42061632810703,2.44,-220.70280574339574,55.94370445785678,1.45,-158.22566988510442,53.738502499745344,1.45,-194.80631285324554,44.58012921272232,4.42,-301.3027585988296,68.03794923777329,0.46,-179.3291512982228,92.52354238970898,1.45,-131.20365535264298,76.09752816948851,0.46,-237.14185985572118,73.25573494592147,3.43,-284.6413933755458,57.3572342753224,4.42,-219.8247500705976,73.10086284517921,2.44,-221.36147887708424,150.08159922361097,2.44,-153.83471376543758,81.34961738332422,2.44,-190.80942653346122,60.91266140499704,2.44,-155.66296409770015,64.07368466356873,4.42,-269.673016465807,37.88200750206311,1.45
1997-01-24,34.89860454767704,-305.8354591597392,124.2924177767622,0.46,-159.61328993116365,75.17911639168106,2.44,-220.78768866359158,89.21391132904539,0.46,-177.37917707267863,49.64614232612598,1.45,-273.3897698806045,57.86981971951428,1.45,-178.86335762628624,63.702217088327295,0.46,-306.6087551874791,80.65694674687708,2.44,-241.59487719977065,45.92205402447473,0.46,-195.26366310377,46.24864104097929,1.45,-141.7661931328378,88.81786111230153,4.42,-225.6175686422644,74.22796382003928,3.43,-189.16725405028254,57.643694149171665,4.42,-287.38947803338493,39.30204340759901,1.45,-134.7126515818728,162.97260640237545,3.43,-179.29775408085715,70.5672310715963,2.44,-152.6030212818166,68.07893981240557,1.45,-140.94385014626448,88.92065398562319,4.42,-326.4085816362218,77.20580918017674,2.44,-240.04772703494913,62.39539481252958,2.44,-167.55317960527287,47.42978956252798,1.45,-138.19449199215524,134.7476416503987,2.44,-189.17839898157848,49.09228590959892,0.46,-310.93771432640864,162.34221787690575,2.44,-259.56124162665355,42.084867048272145,2.44,-138.32463665332554,94.30433536464739,1.45,-207.9847006154355,64.00258380269415,3.43,-334.1145336597524,111.15254367756224,0.46,-296.2951697482447,80.82419120852836,0.46,-145.0071556767794,77.6134721007451,2.44,-269.17241880527376,58.234724559626066,2.44,-278.56054118258476,40.73513013396957,0.46,-219.91557152404621,45.6770445159914,0.46,-228.67876707645502,43.55703796554078,1.45,-217.71097377554202,44.53002476243225,1.45,-235.57343974431313,57.90988741477336,4.42,-229.65009308457633,173.87211418002778,4.42,-292.38860395273935,39.47803351850097,1.45,-297.09744578982406,69.97014027779299,2.44,-188.71953117089024,48.55194245373637,0.46,-263.89000629191133,78.01049052135643,0.46,-358.4899108182768,33.4688238034521,2.44,-388.02234673738275,70.35983528004775,0.46,-211.053843128442,66.67487420841071,4.42,-149.894518927998,77.22725308562083,3.43,-240.41747191377792,83.9848641367472,0.46,-151.7906090315986,94.02469012997253,4.42,-168.4460890920846,50.688135347864424,0.46,-150.5558215056613,55.60972743836535,4.42,-237.27687835569253,62.79123033813767,1.45,-184.1202847483931,71.16380060508553,2.44,-271.51881397895863,82.83750481104163,0.46,-220.0332652008194,66.50714096461509,3.43,-222.0676436985667,87.86676579012057,1.45,-273.5777001361458,40.345563275751495,0.46,-216.50163476058754,65.76690893638646,2.44,-245.58845473172568,42.82450193736034,0.46,-388.39518917592875,56.927605508349465,1.45,-234.95687084945394,63.122659981886045,0.46,-204.2971693450155,99.97431617687242,1.45,-237.59838419830518,57.65676935802435,4.42,-253.36459743941137,81.39169255329838,0.46,-188.47339356408384,89.34568725468483,0.46,-168.75207216972098,73.72516936819754,1.45,-198.04829682906018,62.60053027917998,2.44,-245.75944020829797,68.70364233073421,1.45,-265.1131723365695,84.28885758760339,2.44,-202.8707661426513,46.55340896622839,2.44,-155.29496845864855,51.81858814151003,2.44,-193.69262475028,69.56841060477105,4.42,-239.535874273025,62.46851663566161,1.45,-187.25199432437483,47.39316515232145,0.46,-267.56252482710875,79.36341721219875,0.46,-199.76049195585472,47.932251530291616,1.45,-218.94278323490636,44.77403594573436,1.45,-222.88837788519388,45.34673269808609,1.45,-260.1523806735318,39.62283626590618,3.43,-132.49803747400236,52.69410353623399,3.43,-262.42746732549557,52.30559758073277,3.43,-263.7063430074207,171.78849214070337,3.43,-233.23944872589232,63.36800599953771,2.44,-305.43630414498415,53.05416951109601,0.46,-299.4164387734829,34.316841637689635,3.43,-258.14214327463395,103.29988733508704,2.44,-276.773826858485,169.1749953704905,3.43,-228.90371721945766,43.528919197665445,3.43,-293.7127669499021,32.184483348674696,3.43,-195.4831519415386,69.26998940622794,2.44,-222.12192700596455,99.81387143474458,1.45,-157.43958918956181,67.27284516111469,1.45,-184.86185887067992,43.20909494535848,4.42,-314.8161246413149,108.35066691495282,0.46,-217.32811049264382,43.09657712828302,1.45,-152.77660032684355,110.13546362603753,0.46,-255.87301160635468,83.64109480164707,3.43,-287.47404445558027,37.41337928358136,4.42,-238.40102972048885,176.84955479808974,2.44,-316.9184949054073,34.898941918062384,2.44,-180.65974795347387,127.65692840098352,2.44,-197.19750474317033,88.25517335729901,2.44,-165.21206556598094,74.31517046882088,4.42,-253.03044077258215,41.9976145994874,1.45
1997-01-25,34.51229014378214,-386.9796900805679,103.02678179646784,0.46,-191.6442194669112,67.06920479587939,2.44,-266.85341313670347,80.18083373177338,0.46,-183.8771325428711,84.65191724142578,1.45,-288.1114027441853,67.19109041433514,1.45,-199.41738785868006,78.88112203763899,0.46,-344.1175150784227,29.863773394501482,2.44,-244.36874436831187,71.82554618601053,0.46,-198.3641172888158,94.85707553619449,1.45,-187.43586738920584,62.70345813695528,4.42,-256.69734560637016,36.90802528064904,3.43,-203.66276134352069,45.965076484834505,4.42,-283.54333458505045,63.02690639402805,1.45,-254.53707112831472,67.85718538371205,3.43,-206.71679829651995,80.083984090696,2.44,-177.5337742382887,83.25784476171727,1.45,-186.71631727595417,62.823383155830555,4.42,-360.46620396046507,27.246146066024714,2.44,-259.2949349915452,71.3077286647123,2.44,-171.83478231186734,47.00350016219976,1.45,-229.79394678662044,37.192769122802844,2.44,-195.12249803524392,82.40284414295122,0.46,-430.1317453473809,41.048661866784066,2.44,-258.4979218189922,84.49640959592317,2.44,-189.4807851620394,69.8932217486149,1.45,-228.83909756219614,40.3903062861708,3.43,-402.11889048138113,30.2205274682146,0.46,-333.97117410083956,68.24274552091366,0.46,-179.472440921591,82.8701114250568,2.44,-284.2589565089663,43.3160756873718,2.44,-276.14748446062083,90.93244033403715,0.46,-222.44442918410408,90.50532503507118,0.46,-229.08761818606231,97.24597639607295,1.45,-219.09281168204078,98.91177748007654,1.45,-250.335140303153,39.242010872028445,4.42,-360.3740204086706,38.947571305586145,4.42,-288.71845061530684,68.04379824901619,1.45,-323.9193992116836,30.90149985972613,2.44,-194.1232867686931,105.79799889626138,0.46,-298.75230995733426,67.6116084826576,0.46,-348.81054776579543,30.805397646291325,2.44,-415.233995161497,21.160835932576724,0.46,-234.5805304809192,54.99717802531555,4.42,-183.97358515768533,72.93629121057867,3.43,-281.2541491945916,62.47884127872593,0.46,-202.6671123056376,125.7471623532781,4.42,-175.98603758401552,82.68204895360549,0.46,-163.01736208809314,68.94457071021895,4.42,-256.9199218378967,57.94506836401291,1.45,-212.13589849754513,51.94306674644445,2.44,-311.2081319340668,40.32172286236064,0.46,-243.39221930950094,39.61326686491656,3.43,-266.7862226327538,37.01393316233291,1.45,-270.7750765559638,91.82784165148,0.46,-239.12035684104052,74.18981125764152,2.44,-245.26476981315253,40.04630541572611,0.46,-402.17460782834473,25.954119458786842,1.45,-254.9313439754065,38.97224161992011,0.46,-261.12329866595445,36.354781148201006,1.45,-252.10696670039601,39.06482823230415,4.42,-291.6081031367762,35.08449608280675,0.46,-234.67089396283518,86.12160734024546,0.46,-199.329054681985,77.72630582774208,1.45,-217.50064025230665,62.87247856221167,2.44,-271.3148956830987,79.43725330737418,1.45,-306.2538430682394,59.24182164682989,2.44,-206.2759882529462,81.59321509732523,2.44,-163.9653697442251,135.42259799363123,2.44,-220.11284849911755,57.40845835561583,4.42,-258.8562040527531,67.14142814941094,1.45,-191.4969726207628,183.29610421823924,0.46,-303.777755183374,33.89774938400635,0.46,-204.54455663021284,58.49692100810135,1.45,-220.56863232470724,98.66580737296546,1.45,-225.08692372734646,95.9103072270829,1.45,-256.6270300835045,67.5129571442857,3.43,-142.04395415430284,269.4287079902324,3.43,-271.58487805029483,36.48074922705057,3.43,-392.3466482921906,45.19600581037902,3.43,-253.45926786949653,38.02322658711371,2.44,-315.34228680014667,41.997930743813455,0.46,-290.58509355523904,33.19387685539981,3.43,-318.2938437537875,44.661444742207294,2.44,-402.80063537304204,43.797564621338495,3.43,-229.2844495611896,89.36532163889028,3.43,-282.7490634426433,32.167444236151404,3.43,-221.60495449183304,96.49063543300178,2.44,-278.7876115847756,223.84748884674147,1.45,-181.564247494743,82.4517501104264,1.45,-184.9227669601049,73.74524318568564,4.42,-380.0186047003342,30.89516586753635,0.46,-217.27650076499336,41.520667475815685,1.45,-219.76387709694757,159.69120235662248,0.46,-296.36591955206825,60.889808899525086,3.43,-281.73923688322816,35.58818456288785,4.42,-372.1023976626451,75.41768714086123,2.44,-308.6692499675362,33.00136317635015,2.44,-265.1684894985239,56.366912563268905,2.44,-242.30449124453585,39.73412553880158,2.44,-196.3790491788683,78.11022532047635,4.42,-251.87986851613607,39.311294448727935,1.45
1997-01-26,99.47334459661906,-447.3359191930252,131.14729766756403,0.46,-216.04287157878002,46.46173611932607,2.44,-304.3636941844663,67.80448028112535,0.46,-225.85849710028629,169.1617063752127,1.45,-312.63194047450986,93.34237963120148,1.45,-235.62795721230847,87.95638349965725,0.46,-331.31073578891363,33.71312197774926,2.44,-273.52373787031183,64.87066710458993,0.46,-250.55064014099972,84.22571276748445,1.45,-207.46877284215054,133.72270967110606,4.42,-250.93481820300863,50.579731634133985,3.43,-206.9572851443446,47.49055359035536,4.42,-303.8996882950679,37.36735369855148,1.45,-279.7237038280162,90.23043013283426,3.43,-244.13022970320537,85.83081537693303,2.44,-218.1210663159954,93.5689788712307,1.45,-206.86914774777415,133.92258470256488,4.42,-345.04179734247924,32.796008248839115,2.44,-287.9321109722469,39.1415289566427,2.44,-176.1677297900565,107.553424379877,1.45,-224.3161632254127,87.11395235770932,2.44,-234.85478949418456,167.662324309563,0.46,-428.5098545301544,24.845895650500182,2.44,-300.3237787309048,73.47684581631904,2.44,-216.70345422664374,90.6291455804525,1.45,-226.55885116435638,94.28921176945778,3.43,-389.66886526558517,28.297714574577483,0.46,-359.5433669377427,83.14829831334109,0.46,-219.67199966263723,45.94328925020361,2.44,-284.90447951232755,39.4779324521893,2.44,-324.4093721106474,83.56003514280503,0.46,-270.2792015351647,79.2935724189432,0.46,-283.6630418981247,39.1665780757227,1.45,-275.3340364781067,39.45021168779525,1.45,-246.90659849117088,95.17823840723457,4.42,-356.65103903024624,29.94643403136153,4.42,-314.09169618031245,46.52693664284376,1.45,-312.15034638739917,47.07381992178995,2.44,-257.2507329809439,105.94624818603954,0.46,-323.6933657559813,81.43649774724125,0.46,-336.94539272807623,56.97895756786411,2.44,-393.72427841006316,49.396830921398355,0.46,-246.90715582222418,70.40949665332722,4.42,-214.23932368425343,28.236668098522866,3.43,-301.06243778930695,48.93439411933048,0.46,-285.74372197490516,64.50907557166533,4.42,-215.99753385361043,132.98961192509861,0.46,-189.29138011430152,134.29211483169115,4.42,-272.194437517899,116.19066369181431,1.45,-221.408412559979,46.7595700388646,2.44,-308.85930211241686,67.16225057713241,0.46,-240.33493349040694,43.318347547097574,3.43,-261.1296031110761,53.45141283133033,1.45,-319.9323655234332,80.00322416093836,0.46,-270.6396154146715,40.794506386154346,2.44,-242.64052254486808,86.20324216651736,0.46,-385.45817460312105,40.26469985852309,1.45,-251.23303291131603,54.688484106300336,0.46,-254.80752713014488,41.50927334213033,1.45,-248.5012422486896,94.85930965573083,4.42,-284.0220465355724,39.121702496041735,0.46,-278.12194861907005,71.8327635964985,0.46,-234.3848078257165,64.37782092878683,1.45,-237.70256613050776,114.71933222225587,2.44,-308.0815963064623,69.8429737261188,1.45,-322.8251120310588,35.26452883899694,2.44,-245.19865066626085,92.33902963237283,2.44,-256.71741505384574,41.27053735166772,2.44,-234.8507541707228,72.41889692857745,4.42,-283.3270795181535,39.65319911820864,1.45,-332.1225241549914,42.92077104790796,0.46,-295.0049518833698,37.748839327567055,0.46,-220.37092495430363,45.81384861411048,1.45,-276.5638870136621,40.05397243628052,1.45,-278.32667827041877,51.460589621429165,1.45,-281.46943454377964,39.440778995015826,3.43,-368.80210946052466,54.66284543760321,3.43,-265.3950745933348,40.69258192339174,3.43,-394.87210141855905,25.86360331460455,3.43,-248.81194177259965,88.72593911739696,2.44,-314.6696648599496,36.22991461752066,0.46,-281.10841772662826,66.4453696773306,3.43,-320.2847358119842,73.86523301338441,2.44,-403.92764731037,24.133502399192032,3.43,-275.9792185160693,78.34575785928614,3.43,-272.24595499478414,68.21786222369943,3.43,-275.4250372408243,50.19678771838671,2.44,-459.9645477475065,29.274582585346497,1.45,-221.34544492115884,92.49418600284288,1.45,-215.99745746177996,51.86472969905026,4.42,-368.24321788386,30.245500700188867,0.46,-216.12661555679847,94.23379579096301,1.45,-336.7845267695595,87.48045827343044,0.46,-314.58517576758277,35.301311342040435,3.43,-274.65686876210543,57.87300207695369,4.42,-404.8495321194958,121.28879718938211,2.44,-299.0000604598758,63.2425843243957,2.44,-278.86484937778226,88.7865882299123,2.44,-239.36806409932686,54.090527632115396,2.44,-231.81872181533407,120.1163342646803,4.42,-248.52061028085342,59.64115382273557,1.45
1997-01-27,129.22746172808354,-455.49565000885735,41.18112347567676,0.46,-139.51704084637427,110.21138107855234,2.44,-249.18060761385982,57.78236541621199,0.46,-272.0326366237672,118.54530372993406,1.45,-282.9867532539795,41.437762874594725,1.45,-200.5967738602339,40.63185468348639,0.46,-242.03629091493107,35.00304097255974,2.44,-215.40683812316993,76.54785711959815,0.46,-211.78878605675234,79.82715651315567,1.45,-218.20391566152477,102.85274344485633,4.42,-178.5269829854108,42.63519645269802,3.43,-131.46027188296813,82.49448456765646,4.42,-218.27947514188756,65.40484715912248,1.45,-246.9665671091186,61.431237483295554,3.43,-206.97347822840658,106.59622258922906,2.44,-188.70247833549428,42.11864162407884,1.45,-217.8041655986072,102.98599346582886,4.42,-254.85023873958653,34.182343807580665,2.44,-204.08607307715778,101.08877113248387,2.44,-160.73358731820167,124.88432023250073,1.45,-188.44254873139022,40.99473023670122,2.44,-279.5295469520157,117.04592166428435,0.46,-330.3681833289228,73.60999579374587,2.44,-250.813057695492,80.30589084956449,2.44,-184.34503295536442,67.6150266120521,1.45,-197.86049608208234,69.91953479295597,3.43,-294.97901298843084,54.26050546872863,0.46,-319.70409839935195,26.976359400940062,0.46,-142.627722061109,109.17448734030741,2.44,-201.39484511278502,64.205064180568,2.44,-284.9818404017206,31.672023018978223,0.46,-226.58520710237607,76.12805125174972,0.46,-199.84205312211554,69.42414553294768,1.45,-191.79668131417014,71.43548848493403,1.45,-219.09727004667363,37.7014414028572,4.42,-263.60990620987593,90.29956507350758,4.42,-237.6310659714244,36.09558522626534,1.45,-236.2365994574573,36.17687648383347,2.44,-240.2094143152516,35.680274626609176,0.46,-282.1422966514907,30.33982077136214,0.46,-270.9367834442085,94.92176422195568,2.44,-320.13354247972967,72.69814073358907,0.46,-194.3290856238196,61.24684156664233,4.42,-119.48842493104448,52.33352883803966,3.43,-227.0092650569056,99.91762697972938,0.46,-227.26523069483866,99.83230510041835,4.42,-225.99957892697722,94.87556303192757,0.46,-200.59592809426084,78.79169340217346,4.42,-265.3975343579815,55.46566159562318,1.45,-145.1804157471118,73.12720593871033,2.44,-253.03398583781745,71.96571978104112,0.46,-160.66571418577269,104.0072924556539,3.43,-191.5934490906746,61.79396887327133,1.45,-276.9480228326397,46.93108776777022,0.46,-188.446554949094,106.30194384183847,2.44,-205.8561978596536,106.96864937881338,0.46,-302.73530760991235,29.22077925314717,1.45,-182.93395016588454,82.15706706710098,0.46,-173.3292336205434,66.09000147035243,1.45,-220.3729850526886,37.54197702710533,4.42,-200.15618217988228,91.92733934272474,0.46,-226.96714536383672,60.53930959430846,0.46,-175.7750619027715,108.76727883583055,1.45,-229.4343315010318,58.99834375524212,2.44,-254.93700318084927,50.07551914659742,1.45,-235.1020740183239,36.3765843321654,2.44,-214.55011344690183,56.64625782819776,2.44,-175.00038555378163,43.422892395776735,2.44,-184.28208424756843,63.35178881359617,4.42,-199.9927117846303,65.0350485241762,1.45,-252.05572835116755,57.37163388231089,0.46,-209.76622435920504,89.52482879789406,0.46,-143.19720671668227,127.06716812603386,1.45,-193.63029259821081,93.35660749598284,1.45,-206.7997010401161,58.75271848338302,1.45,-197.92264668706363,69.90399714171065,3.43,-300.4773880463961,65.9906359278142,3.43,-183.10008966499473,86.99933061109508,3.43,-297.74813788143183,81.7650071556186,3.43,-214.5503140382648,66.15067937984705,2.44,-227.91201262573844,76.06699798868614,0.46,-224.56622055222704,107.74808842920557,3.43,-271.1624019736368,57.66287847084207,2.44,-305.07358285783016,79.93364591151902,3.43,-231.3374095236236,85.1748028925316,3.43,-217.47625036675174,110.111411824364,3.43,-202.63425810747916,39.94243351673289,2.44,-366.25156348112114,53.15332366006305,1.45,-190.8520640722699,41.849943406981886,1.45,-144.8746203090984,47.20793885147839,4.42,-275.501151732317,57.043057076744894,0.46,-187.37284449602964,113.12976716668804,1.45,-301.2774181912581,63.37327240531047,0.46,-226.89892025789138,37.3440863837792,3.43,-209.5423039873273,39.513663417599716,4.42,-403.150762457146,19.374378040117406,2.44,-239.25507793253965,102.85180263576804,2.44,-244.66387075596273,62.14042008616872,2.44,-170.47102487971043,66.80455365556068,2.44,-228.94748922828256,75.53748072027311,4.42,-185.17419725185715,94.99232894339137,1.45
1997-01-28,87.98707805265622,-336.9015980059921,58.743382556625875,0.46,-89.95324644638461,122.2728578739916,2.44,-147.1877975515298,84.01993051993277,0.46,-230.80276487515926,51.98008074328082,1.45,-164.64934065003223,67.27893313952481,1.45,-81.45345306517828,83.61241531311398,0.46,-117.26415640894882,74.81771975495977,2.44,-132.1795197642261,61.66107480692041,0.46,-131.84076709136602,55.55960537078929,1.45,-161.28148362783912,49.67146206349467,4.42,-61.38700395956682,77.42315322116002,3.43,-54.17958097208259,124.66190323954464,4.42,-123.90914682246805,54.457192054148614,1.45,-148.62262911387216,57.31194932859862,3.43,-153.79452533909364,81.05492140389588,2.44,-71.04594448103111,88.81616960518757,1.45,-161.01498358589407,49.72476207188369,4.42,-129.25740706862518,70.81996953506764,2.44,-145.39966873109967,62.265486354901604,2.44,-125.8427320721604,67.85030124181792,1.45,-69.66210348954945,116.92064198081121,2.44,-236.80029313775808,52.44289142002341,0.46,-244.20300364412665,60.880212259455924,2.44,-171.3437730665145,83.21660915622836,2.44,-92.18488408887453,120.86305021801574,1.45,-108.00485539649631,93.28258156705333,3.43,-189.46434297861748,71.66500403806047,0.46,-186.90528232175,45.984068343510415,0.46,-92.02703392287442,121.58159538182832,2.44,-105.82473381481103,98.83932681818042,2.44,-156.87868794215683,50.98850074010928,0.46,-142.9380828755838,53.34014221394574,0.46,-109.49102317652122,82.824301682045,1.45,-103.45699432056217,84.83564463403137,1.45,-97.02353597098883,60.08418863908873,4.42,-194.1342958048415,71.1819945912701,4.42,-113.95147571914774,59.26352990351325,1.45,-112.63830046274876,64.12152186297938,2.44,-116.11451346331877,58.70485609639875,0.46,-152.70694194431087,51.68379173975027,0.46,-206.08337218762222,67.51024673580929,2.44,-233.05650773477674,63.1095114413259,0.46,-95.80075171191993,103.85131786962597,4.42,-12.046778290542143,99.37668362352036,3.43,-167.15171655809297,73.04460196761484,0.46,-167.32236031671502,77.20049970353608,4.42,-161.0999664803628,86.01003314586865,0.46,-119.61244601789231,92.28593311447861,4.42,-161.08802047506268,86.01401514763536,1.45,-58.53244620728013,130.73487144653163,2.44,-165.22453014031657,49.59752704041599,0.46,-104.89783116288459,94.31825631159056,3.43,-93.61224248540393,66.04327431476119,1.45,-164.10393512186795,78.00510600224786,0.46,-134.97332331239048,63.56877953224026,2.44,-153.049671759925,63.29118019496042,0.46,-172.18091138451751,55.25380667019703,1.45,-105.31584175444353,60.19578549591466,0.46,-79.64405961235383,63.15553630540764,1.45,-98.13978660125193,62.58780388031186,4.42,-132.30834604406502,86.6384820314642,0.46,-127.73127947960319,90.50543654390832,0.46,-124.76716526006007,113.04111884123498,1.45,-128.6574997777319,81.09850105065186,2.44,-145.2373468489047,83.74429950414114,1.45,-111.7034828719473,95.89995228961229,2.44,-111.4211957965576,96.04109582730715,2.44,-58.648102471016365,114.06838956039026,2.44,-87.85869758262261,107.82234493427464,4.42,-105.25258483026451,99.12540131045368,1.45,-149.65218675493645,82.30252185374636,0.46,-139.5158776785571,84.83659912284119,0.46,-110.48919936417414,52.581923791768965,1.45,-127.21172461565166,89.75284024855883,1.45,-105.77724404495713,77.17378494986588,1.45,-108.05146835023228,59.283909963985074,3.43,-206.69284849566827,59.386732688872996,3.43,-110.3242447975478,96.58957132681203,3.43,-219.73796955850844,65.77321907657957,3.43,-120.92581793956984,89.48411405758802,2.44,-144.20383513588257,58.860599417457074,0.46,-172.5391335028906,75.8963064069922,3.43,-169.05010496593687,48.95993123614594,2.44,-225.2320532908072,64.67440233011982,3.43,-156.7370369376132,87.46434299345185,3.43,-167.81248671257373,77.07796810457141,3.43,-82.80151614567005,81.08712644864934,2.44,-259.6297116626422,36.19103854461113,1.45,-72.9268320007098,87.87572584534823,1.45,-32.30738368203478,89.45589678202948,4.42,-172.7690333305199,75.83883145008487,0.46,-140.7274361841757,65.34488612425197,1.45,-204.87551511802658,68.49668976297383,0.46,-104.46783116312858,99.51777814402165,3.43,-89.28079192638502,67.4870911677675,4.42,-262.7499650187214,45.95000895029654,2.44,-182.3317050897657,73.44816351027342,2.44,-147.02911536358945,57.72346476656304,2.44,-77.50040305672911,71.41388745765279,2.44,-144.70979447001366,83.92015029710483,4.42,-120.39135071670653,57.849488645721195,1.45
1997-01-29,73.46743506851217,-286.8588862780452,39.555383344851734,0.46,-103.44001003580341,44.51434708224891,2.44,-122.42163378688977,60.26680268576415,0.46,-173.99675133386728,45.70431748602212,1.45,-123.14217950498424,42.00208059682554,1.45,-56.27977409371947,89.66010907487997,0.46,-83.29578187933579,60.7271608416537,2.44,-85.0545002865737,51.047809659482134,0.46,-78.61427817758252,54.252663163311624,1.45,-102.166851406761,45.76960213075718,4.42,-30.024062896154042,85.74955760221594,3.43,-70.05538992705443,68.95712780187114,4.42,-69.58024459204387,69.5382819885656,1.45,-97.148484157898,95.28594567195128,3.43,-126.06335245841672,55.00449869776978,2.44,-51.076019801645884,91.40881321929425,1.45,-101.95365137320496,45.81224213746838,4.42,-91.29128231912003,58.270130987347876,2.44,-98.87906080142847,64.73968913774236,2.44,-84.90693902940552,63.23578138357202,1.45,-77.79665118578787,52.840014144471,2.44,-180.4570902732087,44.62759432946522,0.46,-196.2971216190098,41.987589105165036,2.44,-145.77428793817006,38.973743081182995,2.44,-104.26184002231747,63.97072067761536,1.45,-92.50134267897684,58.02811891537651,3.43,-152.34325273210516,60.69994578914168,0.46,-124.10325638068763,55.3965179133156,0.46,-104.82253502012995,44.31757917761463,2.44,-95.87796634841865,65.16841691674377,2.44,-99.0810943976933,49.511448356789465,0.46,-87.49213080495674,62.33488585674091,0.46,-83.52923057399343,87.30580823314801,1.45,-79.50654467002074,88.64670353447225,1.45,-48.32163032550476,97.56365688314605,4.42,-156.53019611153883,46.02309434924874,4.42,-64.4289113380882,56.18194910639592,1.45,-67.97372804115534,66.7747250297153,2.44,-66.03327527514472,57.428168088623636,0.46,-95.60463939948835,61.09624130955545,0.46,-164.8075246388587,38.233744414041745,2.44,-187.37992489152984,53.06391980685028,0.46,-90.8659752969731,57.74784986248038,4.42,-2.6373676294897166,132.29499015859622,3.43,-131.410224241135,40.61203775489366,0.46,-135.73676573567832,41.98089451543881,4.42,-138.32390534165864,40.67729324221054,0.46,-103.11228484779812,46.597568665206,4.42,-138.31594133812524,52.55398092182808,1.45,-80.48122336923896,67.72145219236643,2.44,-106.03596289615976,55.333463927530815,0.46,-90.42999318990235,46.28834218233203,3.43,-50.86942251559232,75.32687779249682,1.45,-133.32294683954302,42.225518178110015,0.46,-89.75600856005794,66.17565466056327,2.44,-107.55475767031261,58.7062176553906,0.46,-118.64862377014174,56.48744443542478,1.45,-56.72553296578539,62.08429543652731,0.46,-34.01350163318867,70.07290006231192,1.45,-51.94149619699099,97.83505302548217,4.42,-110.16073379095643,43.64767924777631,0.46,-109.45062173893871,48.085394451040386,0.46,-129.02218981672223,54.17413020487185,1.45,-100.96990654381098,56.026318984206554,2.44,-120.19555206847305,44.41341730662168,1.45,-98.81734087698679,48.52571029139951,2.44,-98.67619733929195,47.79434427237599,2.44,-63.930397746833826,87.10990119050852,2.44,-86.89494823232445,58.54205527541011,4.42,-95.5918918561454,44.425530320177174,1.45,-123.16861432411001,43.917906930682186,0.46,-115.5663825168255,42.8754437155093,0.46,-54.28502887137031,60.180686176991145,1.45,-108.17847057963769,40.94089279813496,1.45,-74.16493471025021,53.74794326335542,1.45,-58.54928402964456,71.65354651438358,3.43,-157.29348689996846,54.417444973052135,3.43,-98.12772183978704,48.663634098839466,3.43,-176.7250943505152,45.24959364991414,3.43,-101.62383771258506,56.203619908654865,2.44,-94.27834026876684,50.471999182574756,0.46,-139.64934562531,41.68931903315884,3.43,-109.22394191751002,63.26184897830213,2.44,-181.12036133635422,44.517049152274296,3.43,-135.41528564649224,39.95061197883984,3.43,-136.10436053257234,42.1957454749785,3.43,-55.102548309746595,66.0399456603163,2.44,-187.0346559226805,43.53133338788658,1.45,-52.016463561485224,91.08121258562471,1.45,-12.977186179491468,79.20545389619213,4.42,-139.82177049603197,63.830316348159975,0.46,-97.28622802385487,60.759923584682156,1.45,-164.5861105964276,39.55128273918537,0.46,-95.19951502257743,49.24927546228139,3.43,-47.981788809579726,61.4729995146453,4.42,-199.91387968444513,72.17666009826722,2.44,-146.99377431546634,40.64011493456508,2.44,-95.9664858455797,90.25329784965051,2.44,-40.128196229809106,80.69749093538842,2.44,-119.84385048254569,44.47203423760957,4.42,-69.45474507785492,54.92549067145424,1.45
1997-01-30,58.74798332139891,-235.58007561288662,39.96416504790089,0.46,-57.120163108042,54.47036229731933,2.44,-91.8542424626436,45.59187209399446,0.46,-128.86687480987908,33.6726826094704,1.45,-74.31006609179946,52.74117696395574,1.45,-55.105689158589115,57.66872422882905,0.46,-53.18874871097917,55.652688849605205,2.44,-45.26811593604551,53.18785020146278,0.46,-42.03274733088382,60.283312594370116,1.45,-57.102259527507854,71.05025390424218,4.42,-24.939426488359665,56.36557386097647,3.43,-48.17832371891525,53.46339258005059,4.42,-48.28433257059915,55.78575639623551,1.45,-101.60023581983896,48.859429376462735,3.43,-90.23365714617617,50.64313063131164,2.44,-51.65063901092981,58.359734258360916,1.45,-56.93169950066302,71.10710724652378,4.42,-58.727219296457584,53.56140298832763,2.44,-72.7845559291605,99.15904410108713,2.44,-57.30852640296722,50.80882694596905,1.45,-39.80247132024854,66.41458602735975,2.44,-134.2504905926636,32.90359464050118,0.46,-147.4505167141645,33.486460779755426,2.44,-93.91383700934273,35.00679164458411,2.44,-77.39836668992251,42.87477612490612,1.45,-59.69526758434303,63.321792430397025,3.43,-122.20900451123651,44.24806115829957,0.46,-88.66558028399291,57.52772989046705,0.46,-58.30592018773426,57.02867802300002,2.44,-70.2121892551521,53.34932787572963,2.44,-57.75834874447245,63.70917619837113,0.46,-58.992822651687334,56.89129753020941,0.46,-80.00084479713112,58.016898181597945,1.45,-77.31905419448267,58.46386328203935,1.45,-55.051093198640494,54.70010969594534,4.42,-111.71909645077724,35.977796669011084,4.42,-29.776666434473796,54.75316054560509,1.45,-43.91425906086032,50.6838574149607,2.44,-32.62724935375803,68.73539607651402,0.46,-65.86668669903348,62.08750860745893,0.46,-112.20707504289012,37.10395553587363,2.44,-149.6096506883698,38.971313304868055,0.46,-57.77963114944316,47.21751439281499,4.42,-44.098163778075616,49.31030555206313,3.43,-81.18806798601835,42.11683586568695,0.46,-86.88346624110682,51.313168812325515,4.42,-88.16700457385886,52.61361158036725,0.46,-58.8756595029938,57.30008994602889,4.42,-100.03572824994299,48.68271641055828,1.45,-57.36848155159507,68.11967566444227,2.44,-70.53523281368025,57.66628609719384,0.46,-45.88414136222406,58.25163201664188,3.43,-35.362106298078814,63.5126495487145,1.45,-84.71427100764271,58.31799174573708,0.46,-65.09746921061088,101.72140634060366,2.44,-75.42678131569289,52.76992875789176,0.46,-84.3018741955562,41.49407462377938,1.45,-27.975634392302382,60.80832388045599,0.46,-13.252207685490262,74.56759885500878,1.45,-58.942355212462836,53.86296492917905,4.42,-62.974219028722416,56.09501825480239,0.46,-66.70182217996877,47.22549202580859,0.46,-92.36212601158377,50.21743685823012,1.45,-66.16203151800721,51.922375116103666,2.44,-73.77477536508441,50.89174177262187,1.45,-56.50885715837598,57.38809062887168,2.44,-55.63634760165761,58.6290354113091,2.44,-60.20610492733203,48.84942133896777,2.44,-54.60280949772424,48.01171980574472,4.42,-49.18322816631225,58.85321642728443,1.45,-76.25232724478187,43.10398401393425,0.46,-67.60763222232447,55.16833561608198,0.46,-23.63152103835113,56.163945291371306,1.45,-58.28516936776233,47.0911298382352,1.45,-37.0786839635953,57.030828463680386,1.45,-39.36863653401782,56.61258895131418,3.43,-120.87673786301028,32.992996488977454,3.43,-55.95716192861619,56.639841911022586,3.43,-131.14049399041903,33.34787986939326,3.43,-66.9932636112296,61.8621932250197,2.44,-53.916145441331274,57.07174044890573,0.46,-90.50447064845851,40.253555333198925,3.43,-81.65159688580184,57.33496454808079,2.44,-134.8032164786182,32.82463379965053,3.43,-84.53170361532176,36.43992392537315,3.43,-87.46591199754053,40.86126706338252,3.43,-30.30829996005258,54.57594937041216,2.44,-139.73179530055677,40.743503000435524,1.45,-52.263482137099615,58.23716563312695,1.45,-1.3484460656732722,72.80714017700251,4.42,-112.81789283418163,46.126283493710545,0.46,-67.21195759852671,51.82928716784439,1.45,-113.30319932560265,49.42206393813059,0.46,-53.6145964748485,57.96694276557717,3.43,-18.620594314214706,71.88340554064655,4.42,-181.25634577270205,33.17418895851856,2.44,-96.7996952400211,38.994510414886406,2.44,-95.38558968521988,50.05118559720884,2.44,-29.9914931551872,66.19795612016031,2.44,-73.48169071014493,60.564507805236644,4.42,-33.54604173929884,64.42068182810448,1.45
